"chr" "pos" "mu1" "mu2" "diff" "diff.se" "stat" "phi1" "phi2" "pval" "fdr" "postprob.overThreshold"
"chr19" 24257566 0.00259032845963392 0.335144924884928 -0.332554596425294 0.0299364446804959 -11.1086870860774 0.0499161517281328 0.0497870683678639 1.13820659862217e-28 3.37250364065332e-24 0.999999999999996
"chr19" 24257590 0.00272585732322497 0.298232058542378 -0.295506201219153 0.0264237806331122 -11.1833429637562 0.0498470221619789 0.0497870683678639 4.92010140776496e-29 1.73092812044733e-24 0.999999999999931
"chr19" 24257589 0.00272585732322497 0.298232058542378 -0.295506201219153 0.0264982996915069 -11.151892938771 0.0498961850490251 0.0497870683678639 7.00990210735223e-29 2.37805921918991e-24 0.99999999999992
"chr19" 24257597 0.00274094886165229 0.292393679582882 -0.28965273072123 0.026050950933042 -11.1187008668404 0.0498710892117871 0.0497870683678639 1.01742687756403e-28 3.33252911193281e-24 0.999999999999833
"chr19" 24257598 0.00275589848148749 0.288991970462244 -0.286236071980756 0.0257556097440879 -11.1135428291097 0.0498264964419128 0.0497870683678639 1.07796061625589e-28 3.37250364065332e-24 0.99999999999976
"chr19" 24257616 0.0028199296697766 0.265571586828069 -0.262751657158292 0.0240979216192624 -10.9034987045631 0.0498493073708312 0.0497870683678639 1.10908903429083e-27 2.92639303303382e-23 0.999999999992797
"chr19" 24257617 0.00283406474347104 0.262767268973784 -0.259933204230313 0.0238803196934938 -10.8848293308708 0.0498277341967242 0.0497870683678639 1.36153423757622e-27 3.40340563576025e-23 0.999999999989383
"chr19" 24257626 0.00283000731294842 0.256640254991741 -0.253810247678793 0.0234742984663771 -10.8122612499936 0.0498496187997569 0.0497870683678639 3.01153642227387e-27 6.97706882143781e-23 0.999999999971668
"chr19" 24257627 0.00283000731294842 0.256640254991741 -0.253810247678793 0.0234742984663771 -10.8122612499936 0.0498496187997569 0.0497870683678639 3.01153642227387e-27 6.97706882143781e-23 0.999999999971668
"chr19" 21630777 0.002742841325966 0.312480145264896 -0.30973730393893 0.0335639531055039 -9.2282724554319 0.049795151743318 0.0497870683678639 2.750317020308e-20 1.57377778990974e-16 0.999999999793304
"chr19" 24257634 0.00288476453151786 0.240477236736479 -0.237592472204961 0.0222696765754245 -10.6688784365712 0.049850942957402 0.0497870683678639 1.42334001917491e-26 2.87660046258268e-22 0.999999999676366
"chr19" 24257635 0.00288476453151786 0.240477236736479 -0.237592472204961 0.0222696765754245 -10.6688784365712 0.049850942957402 0.0497870683678639 1.42334001917491e-26 2.87660046258268e-22 0.999999999676366
"chr19" 24257633 0.00288476453151786 0.240477236736479 -0.237592472204961 0.0223159731705572 -10.6467448400785 0.0498760493545265 0.0497870683678639 1.80569152406056e-26 3.57331305182218e-22 0.999999999649028
"chr19" 21630770 0.00278889802697857 0.304878953453366 -0.302090055426387 0.0329600498655402 -9.16533975703183 0.0497952965018143 0.0497870683678639 4.93911381310238e-20 2.5777832026317e-16 0.999999999564355
"chr19" 21630773 0.00278889802697857 0.304878953453366 -0.302090055426387 0.0329600498655402 -9.16533975703183 0.0497952965018143 0.0497870683678639 4.93911381310238e-20 2.5777832026317e-16 0.999999999564355
"chr19" 21630789 0.002742841325966 0.300320450903992 -0.297577609578026 0.0324040648366952 -9.18334199976791 0.049795151743318 0.0497870683678639 4.17915490630914e-20 2.23016610247468e-16 0.999999999460657
"chr19" 24257636 0.00289815198188291 0.236678166593274 -0.233780014611391 0.0219740324082922 -10.6389218996132 0.0498512674171795 0.0497870683678639 1.9638846752024e-26 3.7309095505625e-22 0.999999999428693
"chr19" 21630795 0.00271930117877186 0.298090740675925 -0.295371439497153 0.0321311451425887 -9.1926832419567 0.0497950778780397 0.0497870683678639 3.83162001641911e-20 2.10380301803248e-16 0.999999999400727
"chr19" 24257644 0.00291142187138899 0.236084327001827 -0.233172905130438 0.0219759816449173 -10.6103521971391 0.0498515893076269 0.0497870683678639 2.66741691052506e-26 4.36849306029232e-22 0.999999999319095
"chr19" 24257645 0.00291142187138899 0.236084327001827 -0.233172905130438 0.0219759816449173 -10.6103521971391 0.0498515893076269 0.0497870683678639 2.66741691052506e-26 4.36849306029232e-22 0.999999999319095
"chr19" 24257646 0.00291142187138899 0.236084327001827 -0.233172905130438 0.0219759816449173 -10.6103521971391 0.0498515893076269 0.0497870683678639 2.66741691052506e-26 4.36849306029232e-22 0.999999999319095
"chr19" 24257647 0.00291142187138899 0.236084327001827 -0.233172905130438 0.0219759816449173 -10.6103521971391 0.0498515893076269 0.0497870683678639 2.66741691052506e-26 4.36849306029232e-22 0.999999999319095
"chr19" 24257648 0.00291142187138899 0.236084327001827 -0.233172905130438 0.0219759816449173 -10.6103521971391 0.0498515893076269 0.0497870683678639 2.66741691052506e-26 4.36849306029232e-22 0.999999999319095
"chr19" 24257649 0.00291142187138899 0.236084327001827 -0.233172905130438 0.0219759816449173 -10.6103521971391 0.0498515893076269 0.0497870683678639 2.66741691052506e-26 4.36849306029232e-22 0.999999999319095
"chr19" 24257650 0.00291142187138899 0.236084327001827 -0.233172905130438 0.0219759816449173 -10.6103521971391 0.0498515893076269 0.0497870683678639 2.66741691052506e-26 4.36849306029232e-22 0.999999999319095
"chr19" 24257651 0.00291142187138899 0.236084327001827 -0.233172905130438 0.0219759816449173 -10.6103521971391 0.0498515893076269 0.0497870683678639 2.66741691052506e-26 4.36849306029232e-22 0.999999999319095
"chr19" 21630810 0.00272256624101658 0.295505547711348 -0.292782981470331 0.0318659507796995 -9.18795687266457 0.0497950824030724 0.0497870683678639 4.00373351393748e-20 2.14862507921974e-16 0.999999999274921
"chr19" 21630812 0.00272256624101658 0.295505547711348 -0.292782981470331 0.0318659507796995 -9.18795687266457 0.0497950824030724 0.0497870683678639 4.00373351393748e-20 2.14862507921974e-16 0.999999999274921
"chr19" 21630784 0.00278889802697857 0.293296905034592 -0.290508007007613 0.0318418028502611 -9.1234786037007 0.0497952965018143 0.0497870683678639 7.27508698126595e-20 3.59919771966922e-16 0.999999998904359
"chr19" 21630786 0.00278889802697857 0.293296905034592 -0.290508007007613 0.0318418028502611 -9.1234786037007 0.0497952965018143 0.0497870683678639 7.27508698126595e-20 3.59919771966922e-16 0.999999998904359
"chr19" 21630816 0.00274649348770244 0.29010826968141 -0.287361776193707 0.031415352298536 -9.14717662443972 0.0497951574817334 0.0497870683678639 5.84409189242627e-20 2.98450860579455e-16 0.999999998769464
"chr19" 21630818 0.00274649348770244 0.29010826968141 -0.287361776193707 0.031415352298536 -9.14717662443972 0.0497951574817334 0.0497870683678639 5.84409189242627e-20 2.98450860579455e-16 0.999999998769464
"chr19" 21630820 0.00274649348770244 0.29010826968141 -0.287361776193707 0.0314708054789408 -9.13105882803033 0.0498091293266591 0.0497870683678639 6.78325692470873e-20 3.42727664236294e-16 0.999999998687746
"chr19" 24257950 0.00492521442162911 0.229512105653993 -0.224586891232364 0.0211070472137961 -10.6403747031735 0.0497870683678639 0.0497870683678639 1.93350213453115e-26 3.7309095505625e-22 0.999999998211138
"chr19" 17371617 0.00306737909110928 0.190858018742148 -0.187790639651039 0.014977701078395 -12.5380149241944 0.0497960879726159 0.0497870683678639 4.62434402421854e-36 1.46419063390824e-30 0.999999997705412
"chr19" 17371620 0.00306737909110928 0.190858018742148 -0.187790639651039 0.014977701078395 -12.5380149241944 0.0497960879726159 0.0497870683678639 4.62434402421854e-36 1.46419063390824e-30 0.999999997705412
"chr19" 24257944 0.00479152944172757 0.225782291672332 -0.220990762230605 0.0208905755384348 -10.5784908522038 0.0497870683678639 0.0497870683678639 3.7494872602016e-26 5.8406069986121e-22 0.999999996514948
"chr19" 24257946 0.00479152944172757 0.225782291672332 -0.220990762230605 0.0208905755384348 -10.5784908522038 0.0497870683678639 0.0497870683678639 3.7494872602016e-26 5.8406069986121e-22 0.999999996514948
"chr19" 21630835 0.00283981580138721 0.277949233899464 -0.275109418098077 0.0304049419078064 -9.04818101387141 0.0498289284960131 0.0497870683678639 1.45369642596296e-19 6.9041858054685e-16 0.999999995775375
"chr19" 24257922 0.0044669251963174 0.225005778188234 -0.220538852991917 0.0210077311675193 -10.4979853004259 0.049787068367864 0.0497870683678639 8.82433648649538e-26 1.30969699090504e-21 0.99999999520522
"chr19" 24257665 0.00298865692204913 0.223829956330599 -0.22084129940855 0.0210647313751403 -10.4839361810793 0.0498302152873757 0.0497870683678639 1.02391441823545e-25 1.47363004180832e-21 0.999999995172041
"chr19" 24257666 0.00298865692204913 0.223829956330599 -0.22084129940855 0.0210647313751403 -10.4839361810793 0.0498302152873757 0.0497870683678639 1.02391441823545e-25 1.47363004180832e-21 0.999999995172041
"chr19" 24257955 0.00498978521627224 0.225364214364946 -0.220374429148674 0.0210941751477822 -10.447169780509 0.0497870683678639 0.0497870683678639 1.50963114671485e-25 2.0274483064895e-21 0.999999994234687
"chr19" 21630846 0.00291456017165398 0.272562150007742 -0.269647589836088 0.0298206822921282 -9.0423011517502 0.0498300915348742 0.0497870683678639 1.53407776275079e-19 7.21381081822634e-16 0.999999993607876
"chr19" 17371285 0.00340650847315376 0.251958304923452 -0.248551796450298 0.0261552256657491 -9.50294979774471 0.0497870683678639 0.0497870683678639 2.0402726962938e-21 1.48926382769091e-17 0.999999993250365
"chr19" 24257918 0.00429857063641524 0.222880229103329 -0.218581658466914 0.0209051462201841 -10.4558780007896 0.0497870683678639 0.0497870683678639 1.37717262431198e-25 1.89586772808907e-21 0.999999992958101
"chr19" 21630840 0.00289646824130064 0.271323623663036 -0.268427155421736 0.02975573677916 -9.02102197683554 0.0498297938677161 0.0497870683678639 1.86342697335495e-19 8.46905269593493e-16 0.999999992445692
"chr19" 21630842 0.00289646824130064 0.271323623663036 -0.268427155421736 0.02975573677916 -9.02102197683554 0.0498297938677161 0.0497870683678639 1.86342697335495e-19 8.46905269593493e-16 0.999999992445692
"chr19" 24257667 0.00300114559149871 0.220540093959879 -0.217538948368381 0.0207922415546358 -10.4625058244323 0.0498304132067766 0.0497870683678639 1.28413880073518e-25 1.79379082947401e-21 0.999999992117332
"chr19" 24257668 0.00301352831411985 0.220026699485314 -0.217013171171194 0.0207942734001547 -10.436198803156 0.0498306096061552 0.0497870683678639 1.69461076054519e-25 2.17523901246847e-21 0.999999990841155
"chr19" 24257669 0.00301352831411985 0.220026699485314 -0.217013171171194 0.0207942734001547 -10.436198803156 0.0498306096061552 0.0497870683678639 1.69461076054519e-25 2.17523901246847e-21 0.999999990841155
"chr19" 24257670 0.00301352831411985 0.220026699485314 -0.217013171171194 0.0207942734001547 -10.436198803156 0.0498306096061552 0.0497870683678639 1.69461076054519e-25 2.17523901246847e-21 0.999999990841155
"chr19" 24257903 0.00418717444597926 0.221313556248867 -0.217126381802888 0.0208301005649264 -10.4236837996108 0.0497870683678639 0.0497870683678639 1.9331728722644e-25 2.38478214013832e-21 0.999999990613207
"chr19" 24257909 0.00418717444597926 0.221313556248867 -0.217126381802888 0.0208301005649264 -10.4236837996108 0.0497870683678639 0.0497870683678639 1.9331728722644e-25 2.38478214013832e-21 0.999999990613207
"chr19" 24257911 0.00418717444597926 0.221313556248867 -0.217126381802888 0.0208301005649264 -10.4236837996108 0.0497870683678639 0.0497870683678639 1.9331728722644e-25 2.38478214013832e-21 0.999999990613207
"chr19" 24257687 0.00303798126627134 0.216352303861746 -0.213314322595475 0.0204190962132685 -10.4468053026196 0.0497958515306793 0.0497870683678639 1.51544226387285e-25 2.0274483064895e-21 0.999999985669786
"chr19" 24257671 0.00302580643240776 0.216848114937416 -0.213822308505008 0.0205294230610405 -10.4154075771758 0.0498308045029552 0.0497870683678639 2.10892302646503e-25 2.47311580787482e-21 0.9999999852476
"chr19" 24257682 0.00303798126627134 0.216352303861746 -0.213314322595475 0.0204763143145091 -10.4176132149097 0.0498110227397889 0.0497870683678639 2.06059411142329e-25 2.44664641819844e-21 0.99999998434257
"chr19" 24257690 0.00303798126627134 0.216352303861746 -0.213314322595475 0.0204763143145091 -10.4176132149097 0.0498110227397889 0.0497870683678639 2.06059411142329e-25 2.44664641819844e-21 0.99999998434257
"chr19" 24257692 0.00303798126627134 0.216352303861746 -0.213314322595475 0.0204763143145091 -10.4176132149097 0.0498110227397889 0.0497870683678639 2.06059411142329e-25 2.44664641819844e-21 0.99999998434257
"chr19" 24257962 0.00508136278782534 0.221668058215389 -0.216586695427563 0.021097519163495 -10.2659793196123 0.0497870683678639 0.0497870683678639 1.00298083490379e-24 9.9240774526918e-21 0.999999983627273
"chr19" 17371609 0.00310697989111466 0.182939382690225 -0.17983240279911 0.0144519390275369 -12.4434792076313 0.0497962126395994 0.0497870683678639 1.51747171294052e-35 3.60354007671986e-30 0.999999983430919
"chr19" 24257672 0.00303798126627134 0.216352303861746 -0.213314322595475 0.0205319514233996 -10.3893837559136 0.0498309979143544 0.0497870683678639 2.77137882737219e-25 3.06102014016779e-21 0.999999982946121
"chr19" 24257683 0.00303798126627134 0.216352303861746 -0.213314322595475 0.0205319514233996 -10.3893837559136 0.0498309979143544 0.0497870683678639 2.77137882737219e-25 3.06102014016779e-21 0.999999982946121
"chr19" 24257688 0.00303798126627134 0.216352303861746 -0.213314322595475 0.0205319514233996 -10.3893837559136 0.0498309979143544 0.0497870683678639 2.77137882737219e-25 3.06102014016779e-21 0.999999982946121
"chr19" 24257691 0.00303798126627134 0.216352303861746 -0.213314322595475 0.0205319514233996 -10.3893837559136 0.0498309979143544 0.0497870683678639 2.77137882737219e-25 3.06102014016779e-21 0.999999982946121
"chr19" 17371629 0.00304464260218635 0.185575000501656 -0.18253035789947 0.0149660962736959 -12.1962570974692 0.0497960142147715 0.0497870683678639 3.25442551976203e-34 2.2080812233654e-29 0.999999982510159
"chr19" 24257960 0.0050588428493571 0.221115259463517 -0.21605641661416 0.0210779362041624 -10.2503591680619 0.0497870683678639 0.0497870683678639 1.1790459670691e-24 1.11995218319959e-20 0.999999981652498
"chr19" 24257887 0.0038563766192301 0.217246779674509 -0.213390403055279 0.0206215053492559 -10.3479546929865 0.0497870683678639 0.0497870683678639 4.27521216782089e-25 4.56285228535923e-21 0.999999980864308
"chr19" 17371626 0.00304614460528028 0.184463543312117 -0.181417398706836 0.0148735730017505 -12.1972977633205 0.0497960254380205 0.0497870683678639 3.21310829888451e-34 2.2080812233654e-29 0.999999977996038
"chr19" 17371299 0.00330641485281057 0.242838086758303 -0.239531671905492 0.0255151749608067 -9.38781224402466 0.0497870683678639 0.049787068367864 6.12594110913344e-21 4.01304064878874e-17 0.999999977316716
"chr19" 24257693 0.00305005411350616 0.213279463834155 -0.210229409720649 0.0202746245767139 -10.3690901365495 0.0498311898572696 0.0497870683678639 3.42772832155369e-25 3.74244894031888e-21 0.999999972879498
"chr19" 17371606 0.00312315942462071 0.179624839026312 -0.176501679601691 0.0142536657748478 -12.3828973114515 0.0497962613024127 0.0497870683678639 3.2345155262127e-35 6.14480321607784e-30 0.99999996000656
"chr19" 24257696 0.0030856733912981 0.209364799154396 -0.206279125763098 0.0198487564218646 -10.3925465847255 0.049787068367864 0.0497870683678639 2.68097661009806e-25 3.06102014016779e-21 0.999999957090902
"chr19" 17371305 0.00329410170792453 0.241414470368203 -0.238120368660279 0.0257997378202505 -9.22956544439671 0.0497870683678639 0.0497870683678639 2.71732055500182e-20 1.56432027199099e-16 0.99999995687909
"chr19" 24257698 0.0030856733912981 0.209364799154396 -0.206279125763098 0.0199092411372878 -10.3609737980801 0.0497960031970948 0.0497870683678639 3.7314353079726e-25 4.02774519356479e-21 0.999999953058053
"chr19" 24257567 0.00260661911298395 0.3273528094463 -0.324746190333316 0.042227011414863 -7.69048482126332 0.0498442200796779 0.0497870683678641 1.46578518946765e-14 2.94983058426172e-11 0.999999948777417
"chr19" 24257697 0.0030856733912981 0.209364799154396 -0.206279125763098 0.0200260629127053 -10.3005331932831 0.0498317570404716 0.0497870683678639 7.00718244898594e-25 7.23476354852474e-21 0.999999944290268
"chr19" 24257964 0.00513287176966935 0.216761501765802 -0.211628629996133 0.0210579977369287 -10.0497983065601 0.0497870683678639 0.0497870683678639 9.20556376859366e-24 7.87764046172229e-20 0.999999942417712
"chr19" 24257703 0.00310893248231398 0.207174690194407 -0.204065757712093 0.0197649180188989 -10.3246447830934 0.0497960773338032 0.0497870683678639 5.452022996561e-25 5.69095341095974e-21 0.999999929972166
"chr19" 17371603 0.00313197308190997 0.176429733295874 -0.173297760213964 0.0140618189960556 -12.3239930952442 0.0497962842162452 0.0497870683678639 6.72785841226243e-35 9.74794819301886e-30 0.999999906862601
"chr19" 24257705 0.00313181299743023 0.205030954310238 -0.201899141312808 0.0196228628176493 -10.2889748141752 0.0497961503729983 0.0497870683678639 7.90131221951554e-25 8.07021338825099e-21 0.999999896466305
"chr19" 24257553 0.00254792278855919 0.331054660821996 -0.328506738033437 0.0440854725238217 -7.45158709268517 0.0498428701021397 0.0497870683678638 9.22239792751242e-14 1.56152786869617e-10 0.99999989098323
"chr19" 17371596 0.00314400467865122 0.174770352857675 -0.171626348179023 0.0139321712977934 -12.3187078676104 0.0497963227469839 0.0497870683678639 7.18360607141239e-35 9.74794819301886e-30 0.999999863415067
"chr19" 17371317 0.00323060636677171 0.231758439367526 -0.228527833000755 0.0250310298287533 -9.12978149777295 0.0497870683678639 0.0497870683678639 6.86376859080136e-20 3.4496066185346e-16 0.999999858732917
"chr19" 24257711 0.00316544391511956 0.201301814036576 -0.198136370121456 0.0193513106325555 -10.2389121793189 0.0497962579266805 0.0497870683678639 1.32720185619284e-24 1.24820049421827e-20 0.99999980245
"chr19" 37339764 0.0051168529617713 0.195711048059083 -0.190594195097311 0.0180171982932903 -10.5784590919604 0.0497870683678639 0.0497870683678639 3.75075827383815e-26 5.8406069986121e-22 0.999999752455828
"chr19" 37339761 0.00500500845469997 0.194896040594112 -0.189891032139412 0.017967426965174 -10.5686269106576 0.049787068367864 0.0497870683678639 4.16548604661696e-26 6.38179336445245e-22 0.999999717774891
"chr19" 17371587 0.00312555360102676 0.170834263710504 -0.167708710109477 0.0136655187499927 -12.2723998391621 0.0497962595884677 0.0497870683678639 1.27419837245501e-34 1.3017098412197e-29 0.999999637812551
"chr19" 24257722 0.00320904326262183 0.197299077983957 -0.194090034721335 0.0190157262041216 -10.2068168545289 0.0497870683678639 0.0497870683678639 1.84829055021109e-24 1.64079834377057e-20 0.99999962512288
"chr19" 24257726 0.00320904326262183 0.197299077983957 -0.194090034721335 0.0190157262041216 -10.2068168545289 0.0497870683678639 0.0497870683678639 1.84829055021109e-24 1.64079834377057e-20 0.99999962512288
"chr19" 24257728 0.00320904326262183 0.197299077983957 -0.194090034721335 0.0190157262041216 -10.2068168545289 0.0497870683678639 0.0497870683678639 1.84829055021109e-24 1.64079834377057e-20 0.99999962512288
"chr19" 24257735 0.00320904326262183 0.197299077983957 -0.194090034721335 0.0190801825091023 -10.1723363824609 0.0497963977102392 0.0497870683678639 2.63510820868956e-24 2.29636383969729e-20 0.999999591571544
"chr19" 17371575 0.00313748625271538 0.16927783319171 -0.166140346938994 0.0135442267655795 -12.2665065946189 0.0497962977226066 0.0497870683678639 1.37039398789289e-34 1.3017098412197e-29 0.999999478340878
"chr19" 17371577 0.00313748625271538 0.16927783319171 -0.166140346938994 0.0135442267655795 -12.2665065946189 0.0497962977226066 0.0497870683678639 1.37039398789289e-34 1.3017098412197e-29 0.999999478340878
"chr19" 48193789 0.00436259712657756 0.278097635407456 -0.273735038280879 0.035651619863171 -7.67805332075959 0.0497998833356615 0.0497870683678639 1.61524264009569e-14 3.23007721889282e-11 0.999999450785231
"chr19" 17371560 0.00317669159640166 0.168570827327522 -0.165394135731121 0.0135206981732303 -12.2326623678787 0.0497964134933711 0.0497870683678639 2.08007349956061e-34 1.79620019614785e-29 0.999999339587858
"chr19" 17371563 0.00316406262383974 0.167699705882788 -0.164535643258949 0.0134616494591939 -12.2225470034488 0.0497963732050632 0.0497870683678639 2.35586143476331e-34 1.86482138304414e-29 0.999999182708763
"chr19" 17371637 0.00300619275986995 0.174118902081427 -0.171112709321557 0.0148519200105521 -11.5212517438811 0.0497958999644552 0.0497870683678639 1.03102202607447e-30 4.08061334219841e-26 0.999999158226504
"chr19" 37339770 0.00508448545155523 0.187552466781299 -0.182467981329744 0.0173302820767886 -10.5288523591969 0.0497870683678639 0.0497870683678639 6.36051912371755e-26 9.59004746862989e-22 0.999999025326601
"chr19" 17371555 0.00319783641762142 0.166607603250099 -0.163409766832478 0.0134155940896556 -12.1805837103016 0.0497964757901099 0.0497870683678639 3.94448644935109e-34 2.49785919233974e-29 0.99999885828884
"chr19" 53933778 0.182238645826993 0.00320421752187265 0.17903442830512 0.0167312296172202 10.7006139059172 0.0497870683678639 0.0497966206470054 1.01106125260569e-26 2.18269741505703e-22 0.999998842421031
"chr19" 53933773 0.181885486464462 0.00320139400932279 0.178684092455139 0.0167323357416906 10.6789688668466 0.0497870683678639 0.049796614283443 1.27681963873474e-26 2.69516764098079e-22 0.99999871513061
"chr19" 48193777 0.00427472356083324 0.264854896571346 -0.260580173010512 0.0343174303509009 -7.59323091344662 0.0497996252733819 0.0497870683678639 3.12025773328683e-14 6.04871513407039e-11 0.999998560437973
"chr19" 23118837 0.0109003429264585 0.202236554800125 -0.191336211873666 0.0195345192689728 -9.79477453420472 0.0497870683678639 0.0497870683678639 1.18561631478311e-22 9.54401038208629e-19 0.999998534747259
"chr19" 17371254 0.00347696785867337 0.252724718190597 -0.249247750331924 0.0321571738699367 -7.75092212207561 0.0497870683678639 0.0506336317828542 9.12276257201479e-15 1.92140348379277e-11 0.999998268009152
"chr19" 23118822 0.0109003429264585 0.202236554800125 -0.191336211873666 0.019741102945284 -9.69227567497057 0.0498193414579118 0.0497870683678639 3.25200571155803e-22 2.4911412784635e-18 0.999998142332719
"chr19" 17371353 0.00313212423408702 0.210719185190718 -0.207587060956631 0.0232932143627826 -8.91191132849012 0.0497870683678639 0.0497870683678641 5.01602444234091e-19 2.12706307914767e-15 0.99999807031645
"chr19" 17371255 0.00347696785867337 0.252724718190597 -0.249247750331924 0.0323459116278037 -7.70569564401076 0.0497972366139672 0.0506336317828542 1.30132441044994e-14 2.63561200639272e-11 0.999998026129277
"chr19" 23118818 0.0109003429264585 0.202236554800125 -0.191336211873666 0.0199419476300141 -9.59466023196708 0.0498585339313773 0.0497870683678639 8.41940386492288e-22 6.29718373481334e-18 0.999997676286021
"chr19" 23118823 0.0109003429264585 0.202236554800125 -0.191336211873666 0.0199419476300141 -9.59466023196708 0.0498585339313773 0.0497870683678639 8.41940386492288e-22 6.29718373481334e-18 0.999997676286021
"chr19" 17371541 0.00320584248906108 0.163858932679772 -0.160653090190711 0.0132564393062179 -12.1188719293089 0.049796496263486 0.0497870683678639 8.39060642248069e-34 4.68827601681527e-29 0.999997623083592
"chr19" 17371543 0.00320584248906108 0.163858932679772 -0.160653090190711 0.0132564393062179 -12.1188719293089 0.049796496263486 0.0497870683678639 8.39060642248069e-34 4.68827601681527e-29 0.999997623083592
"chr19" 23118838 0.0109003429264585 0.202236554800125 -0.191336211873666 0.0201358679153205 -9.50225799445609 0.0499321470831713 0.0497870683678639 2.05387587303143e-21 1.48926382769091e-17 0.999997133383671
"chr19" 17371357 0.00312917930782952 0.206966562245207 -0.203837382937377 0.0229754831929241 -8.87195195094544 0.0497870683678639 0.049787068367864 7.18747940593776e-19 2.93014718373913e-15 0.999996900507964
"chr19" 16414331 0.183134398455663 0.00206945840553469 0.181064940050128 0.0180649568123842 10.0229932421428 0.0497870683678639 0.0497870683678639 1.20788321030807e-23 1.02441437839949e-19 0.999996395355033
"chr19" 23118813 0.0109190956230131 0.201149292806925 -0.190230197183912 0.0201852740996579 -9.42420678781547 0.0498586637760864 0.0497870683678639 4.33368655521139e-21 2.89893111624239e-17 0.999996090851413
"chr19" 23118846 0.0109352939115071 0.195674788915003 -0.184739495003496 0.0189713733718555 -9.73780291929528 0.0497870683678639 0.0497870683678639 2.08002752507759e-22 1.61948897173828e-18 0.999996028290242
"chr19" 53933780 0.177437043281359 0.00320711592190499 0.174229927359454 0.0166440032221532 10.4680301387802 0.0497870683678639 0.0497966271764998 1.21137517823973e-25 1.7174045586662e-21 0.999995899343238
"chr19" 17371525 0.00322882902873165 0.163579265126534 -0.160350436097803 0.0135407109896383 -11.8420987066711 0.049860165232995 0.0497870683678639 2.3646070547708e-32 1.12304647459284e-27 0.999995843535933
"chr19" 23118814 0.0109656856998139 0.201598214392304 -0.19063252869249 0.0204119794342326 -9.33924753876555 0.0499330435959539 0.0497870683678639 9.70211570177765e-21 6.18513131731849e-17 0.999995505474807
"chr19" 48193734 0.00401363528109298 0.249818257386136 -0.245804622105043 0.032885193056979 -7.47462913412569 0.0497988324649876 0.0497870683678639 7.74218866502361e-14 1.34691395039059e-10 0.999995369532598
"chr19" 7077750 0.219499362569323 0.00283830903098448 0.216661053538339 0.0264514413715423 8.19089782273387 0.0497870683678639 0.0497870683678639 2.59284644534851e-16 7.20144146639662e-13 0.99999484066224
"chr19" 7077777 0.219499362569323 0.00283830903098448 0.216661053538339 0.0264514413715423 8.19089782273387 0.0497870683678639 0.0497870683678639 2.59284644534851e-16 7.20144146639662e-13 0.99999484066224
"chr19" 23118801 0.0108599842277974 0.20000507062531 -0.189145086397513 0.0202277020277783 -9.35079457556593 0.0498191901574947 0.0497870683678639 8.69917192428567e-21 5.65970508728799e-17 0.999994761307565
"chr19" 59045203 0.534323908856935 0.0018349876251645 0.532488921231771 0.0985100321491705 5.40542835703718 0.0497870683678639 0.0497870683678639 6.46536900706674e-08 2.39241321092036e-05 0.999994340435067
"chr19" 23118791 0.0107233788834541 0.199095785660933 -0.188372406777479 0.020156097514581 -9.34567847973598 0.0498187772298746 0.0497870683678639 9.13021944520877e-21 5.85987354501007e-17 0.99999418472231
"chr19" 23118792 0.0107233788834541 0.199095785660933 -0.188372406777479 0.020156097514581 -9.34567847973598 0.0498187772298746 0.0497870683678639 9.13021944520877e-21 5.85987354501007e-17 0.99999418472231
"chr19" 16414297 0.181635446672459 0.00205280465756307 0.179582642014896 0.0181867474818459 9.87436825601478 0.0497870683678639 0.0498029447685869 5.37707045427998e-23 4.40307903716506e-19 0.999993952239683
"chr19" 23118817 0.0109190952403488 0.197794924146634 -0.186875828906286 0.0198714888150773 -9.4042188104444 0.0454803268989419 0.0497870683678639 5.24181288142844e-21 3.45770362486892e-17 0.999993841030064
"chr19" 23118802 0.0108599842277974 0.20000507062531 -0.189145086397513 0.0206041810979739 -9.17993709617086 0.043930291298708 0.0497870683678639 4.31343326907601e-20 2.28896312493292e-16 0.999992426963663
"chr19" 23118847 0.0109352939115071 0.195674788915003 -0.184739495003496 0.0195961998384878 -9.42731226085269 0.0499329078942889 0.0497870683678639 4.20731509783976e-21 2.83435777669222e-17 0.999992348529185
"chr19" 48193724 0.00389005342859522 0.242933420766493 -0.239043367337898 0.0322048844248388 -7.42258112727553 0.0497984641387486 0.0497870683678639 1.14859589614192e-13 1.89086355256029e-10 0.999992108324378
"chr19" 48193726 0.00389005342859522 0.242933420766493 -0.239043367337898 0.0322048844248388 -7.42258112727553 0.0497984641387486 0.0497870683678639 1.14859589614192e-13 1.89086355256029e-10 0.999992108324378
"chr19" 48193728 0.00389005342859522 0.242933420766493 -0.239043367337898 0.0322048844248388 -7.42258112727553 0.0497984641387486 0.0497870683678639 1.14859589614192e-13 1.89086355256029e-10 0.999992108324378
"chr19" 16414335 0.18051291906593 0.00204850445826409 0.178464414607666 0.0182154390109234 9.79742593635238 0.0497870683678639 0.0497870683678639 1.15491187655642e-22 9.37630507096936e-19 0.999991747385056
"chr19" 23728553 0.00150850699543671 0.526898784553314 -0.525390277557878 0.099940104461357 -5.25705151490037 0.0497870683678639 0.0497870683678639 1.46383318445288e-07 4.79967506126371e-05 0.999989615374619
"chr19" 23728561 0.00150850699543671 0.526898784553314 -0.525390277557878 0.099940104461357 -5.25705151490037 0.0497870683678639 0.0497870683678639 1.46383318445288e-07 4.79967506126371e-05 0.999989615374619
"chr19" 46300811 0.00251497433545301 0.276373418552583 -0.27385844421713 0.0410908581743403 -6.66470490967124 0.0497943447024331 0.0497870683678639 2.6519765794944e-11 2.49906697751006e-08 0.999988371071312
"chr19" 24257954 0.00494438908130541 0.230073274812645 -0.22512888573134 0.0297557533182547 -7.56589434397638 0.0497870683678639 0.0497870683678639 3.85205057275875e-14 7.14645663682046e-11 0.999986957415046
"chr19" 23118787 0.0107562916858856 0.196121611038576 -0.185365319352691 0.0204209351701301 -9.07721991223138 0.0498572379194628 0.0497870683678639 1.11383405857764e-19 5.34347826041279e-16 0.999985442771337
"chr19" 23118848 0.011004139893968 0.188798670235931 -0.177794530341963 0.0186803559135432 -9.51772713351046 0.0497870683678639 0.0497870683678639 1.77008008395133e-21 1.30338269003387e-17 0.999984398907302
"chr19" 24257949 0.00486064838737039 0.227417580419675 -0.222556932032305 0.0295104937235036 -7.54162007987856 0.0497870683678639 0.0497870683678638 4.64168379939412e-14 8.4142034491765e-11 0.999983592402357
"chr19" 38085730 0.00321646148091407 0.253204432140055 -0.24998797065914 0.0370132812522509 -6.75400726986176 0.0497870683678639 0.0497870683678639 1.43816538944521e-11 1.43647165102651e-08 0.999974638933121
"chr19" 17371215 0.00364802552260205 0.211856316099985 -0.208208290577383 0.0267151436397622 -7.79364293843779 0.0497978047347735 0.0497870683678638 6.51043557623746e-15 1.40229762928718e-11 0.999974440126485
"chr19" 53933511 0.161979261559791 0.0030815163515654 0.158897745208226 0.0145829042143807 10.8961660086563 0.0497870683678639 0.0497870683678639 1.20216729098644e-27 3.08625585503298e-23 0.999973139772745
"chr19" 37339695 0.00517379686162972 0.222917049306548 -0.217743252444918 0.0292321456562165 -7.44876051883701 0.0497870683678639 0.0497870683678639 9.42212235414864e-14 1.58967772322535e-10 0.999971857652529
"chr19" 53933526 0.161704305747026 0.00302031347142648 0.158683992275599 0.0145822864637363 10.8819692076562 0.0497870683678639 0.0497870683678639 1.4049455936911e-27 3.42187107829565e-23 0.999971431619143
"chr19" 23118849 0.0110319436416182 0.188798670235931 -0.177766726594312 0.0193365280007403 -9.1933115700764 0.049934513167962 0.0497870683678639 3.80929699576978e-20 2.10370641298942e-16 0.999971116610036
"chr19" 37339710 0.00503108389313678 0.218584510213201 -0.213553426320065 0.0282830565331334 -7.55057806676192 0.0497870683678639 0.049787068367864 4.33330561415372e-14 7.9156160322545e-11 0.99997026352895
"chr19" 37339714 0.00503108389313678 0.218584510213201 -0.213553426320065 0.0282830565331334 -7.55057806676192 0.0497870683678639 0.049787068367864 4.33330561415372e-14 7.9156160322545e-11 0.99997026352895
"chr19" 17371286 0.00340650847315376 0.251958304923452 -0.248551796450298 0.0370547867642864 -6.70768389604803 0.0498367974282106 0.052220094568406 1.97737690616482e-11 1.92445776191377e-08 0.999969508852312
"chr19" 37339723 0.00512614446080742 0.215893240688077 -0.21076709622727 0.0279516111257241 -7.54042746513809 0.0497870683678639 0.0497870683678641 4.68433398598954e-14 8.45923035477518e-11 0.99996296459015
"chr19" 45224139 0.00677104573867674 0.219446943182192 -0.212675897443516 0.0285076669603662 -7.46030524838094 0.0497870683678639 0.0497870683678639 8.63222600262094e-14 1.47474439485064e-10 0.999961326814197
"chr19" 37339704 0.00510001606566057 0.217499656133826 -0.212399640068165 0.0286062815418805 -7.42493007199156 0.049787068367864 0.049787068367864 1.12839514345909e-13 1.87057587935239e-10 0.99995738453411
"chr19" 24257959 0.0050588428493571 0.221115259463517 -0.21605641661416 0.0296416342963788 -7.28895088758834 0.0497870683678639 0.0497870683678639 3.12377889099012e-13 4.88028798186463e-10 0.999954857386585
"chr19" 24257961 0.0050588428493571 0.221115259463517 -0.21605641661416 0.0296416342963788 -7.28895088758834 0.0497870683678639 0.0497870683678639 3.12377889099012e-13 4.88028798186463e-10 0.999954857386585
"chr19" 53933786 0.167583393565946 0.00321314962646879 0.164370243939478 0.0164506896137266 9.99169322374947 0.0497870683678639 0.0497966407599403 1.65726324579771e-23 1.39309841762684e-19 0.999954406757267
"chr19" 21630853 0.00297524877564963 0.269176042762185 -0.266200793986536 0.0424946180650365 -6.26434137092666 0.0498310212580395 0.049787068367864 3.74404469813153e-10 2.53846765015073e-07 0.999954062057886
"chr19" 17371300 0.00330641485281057 0.242838086758303 -0.239531671905492 0.0361083701718536 -6.6336882768585 0.0498351201701492 0.0520986569543433 3.27400889885078e-11 2.96747669164159e-08 0.999944283858334
"chr19" 16109812 0.259320098553308 0.00565129359811956 0.253668804955188 0.0397766876310491 6.37732350436284 0.0497870683678639 0.0497870683678639 1.80209540396506e-10 1.38717535033901e-07 0.999944064536588
"chr19" 16109817 0.259320098553308 0.00565129359811956 0.253668804955188 0.0397766876310491 6.37732350436284 0.0497870683678639 0.0497870683678639 1.80209540396506e-10 1.38717535033901e-07 0.999944064536588
"chr19" 16109818 0.259320098553308 0.00565129359811956 0.253668804955188 0.0397766876310491 6.37732350436284 0.0497870683678638 0.0497870683678639 1.80209540396506e-10 1.38717535033901e-07 0.999944064536588
"chr19" 16109822 0.259320098553308 0.00565129359811956 0.253668804955188 0.0397766876310491 6.37732350436284 0.0497870683678639 0.0497870683678639 1.80209540396506e-10 1.38717535033901e-07 0.999944064536588
"chr19" 16109833 0.259320098553308 0.00565129359811956 0.253668804955188 0.0397766876310491 6.37732350436284 0.0497870683678639 0.0497870683678639 1.80209540396506e-10 1.38717535033901e-07 0.999944064536588
"chr19" 16109840 0.259320098553308 0.00565129359811956 0.253668804955188 0.0397766876310491 6.37732350436284 0.0497870683678639 0.0497870683678639 1.80209540396506e-10 1.38717535033901e-07 0.999944064536588
"chr19" 16109847 0.259320098553308 0.00565129359811956 0.253668804955188 0.0397766876310491 6.37732350436284 0.0497870683678639 0.0497870683678639 1.80209540396506e-10 1.38717535033901e-07 0.999944064536588
"chr19" 16109854 0.259320098553308 0.00565129359811956 0.253668804955188 0.0397766876310491 6.37732350436284 0.0497870683678639 0.0497870683678639 1.80209540396506e-10 1.38717535033901e-07 0.999944064536588
"chr19" 16109861 0.259320098553308 0.00565129359811956 0.253668804955188 0.0397766876310491 6.37732350436284 0.0497870683678639 0.0497870683678639 1.80209540396506e-10 1.38717535033901e-07 0.999944064536588
"chr19" 16109867 0.259320098553308 0.00565129359811956 0.253668804955188 0.0397766876310491 6.37732350436284 0.0497870683678639 0.0497870683678639 1.80209540396506e-10 1.38717535033901e-07 0.999944064536588
"chr19" 16109875 0.259320098553308 0.00565129359811956 0.253668804955188 0.0397766876310491 6.37732350436284 0.0497870683678639 0.0497870683678639 1.80209540396506e-10 1.38717535033901e-07 0.999944064536588
"chr19" 21630887 0.00311983524075705 0.26037358599107 -0.257253750750313 0.0407995526058877 -6.30530813009918 0.0498331699433468 0.0497870683678639 2.87621110837938e-10 2.0434221448223e-07 0.999941969597682
"chr19" 7077715 0.197945171817263 0.00269729910012144 0.195247872717141 0.0247528316504108 7.88790048244443 0.0497870683678639 0.0497950765378653 3.07312665438789e-15 6.98349652265543e-12 0.999940446925411
"chr19" 24257875 0.00366643013423553 0.215271773206492 -0.211605343072257 0.0290775401229848 -7.27727800141492 0.049787068367864 0.0497870683678639 3.40622874661719e-13 5.25244896402067e-10 0.999938029621658
"chr19" 24257880 0.00371445108119728 0.215271773206492 -0.211557322125295 0.0290705205634228 -7.27738334316178 0.0497870683678639 0.0497870683678639 3.40357094707297e-13 5.25244896402067e-10 0.999937846415499
"chr19" 24257883 0.00371445108119728 0.215271773206492 -0.211557322125295 0.0290705205634228 -7.27738334316178 0.0497870683678639 0.0497870683678639 3.40357094707297e-13 5.25244896402067e-10 0.999937846415499
"chr19" 21630882 0.00310950679419875 0.259244674446208 -0.256135167652009 0.0407481872614371 -6.28580520671181 0.0498330239958298 0.0497870683678638 3.26158702747471e-10 2.25153799829773e-07 0.99993637171856
"chr19" 24257867 0.00364563181350295 0.214783914322016 -0.211138282508513 0.0290452163409351 -7.26929625967163 0.0497870683678639 0.0497870683678639 3.61365096794947e-13 5.56326544803216e-10 0.999934981502119
"chr19" 16414263 0.167071541172571 0.00209519322142783 0.164976347951143 0.017007304254138 9.70032319560599 0.0497870683678639 0.0498033470154178 3.00545089137355e-22 2.32098999406334e-18 0.999933408377328
"chr19" 21630893 0.00318915356248664 0.25563287968551 -0.252443726123023 0.0399504151791591 -6.31892622369329 0.0498341808559421 0.0497870683678638 2.63386972805061e-10 1.89105077647824e-07 0.999932135201197
"chr19" 24257850 0.00361690571144042 0.214298378853755 -0.210681473142314 0.0290120952146419 -7.26184963835315 0.0497870683678639 0.0497870683678642 3.81832523769958e-13 5.81242111664436e-10 0.999931911668621
"chr19" 24257858 0.00361690571144042 0.214298378853755 -0.210681473142314 0.0290120952146419 -7.26184963835315 0.0497870683678639 0.0497870683678642 3.81832523769958e-13 5.81242111664436e-10 0.999931911668621
"chr19" 38085748 0.0032244881227117 0.237226461532049 -0.234001973409337 0.0351253740084147 -6.66190695516238 0.0497870683678639 0.0497870683678639 2.70297142045285e-11 2.54207771570272e-08 0.999931898104047
"chr19" 34896943 0.41990813464498 0.00152680514663801 0.418381329498342 0.083549460230093 5.00758865881516 0.0497870683678639 0.049798964632514 5.51161660724626e-07 0.000150385448202616 0.999930711341038
"chr19" 21630866 0.0030995818698137 0.258125933248911 -0.255026351379097 0.040694040600335 -6.26692133828062 0.0498328837099197 0.0497870683678641 3.68256058629287e-10 2.50213923441192e-07 0.999930392577321
"chr19" 21630868 0.0030995818698137 0.258125933248911 -0.255026351379097 0.040694040600335 -6.26692133828062 0.0498328837099197 0.0497870683678641 3.68256058629287e-10 2.50213923441192e-07 0.999930392577321
"chr19" 21630874 0.0030995818698137 0.258125933248911 -0.255026351379097 0.040694040600335 -6.26692133828062 0.0498328837099197 0.0497870683678641 3.68256058629287e-10 2.50213923441192e-07 0.999930392577321
"chr19" 21630877 0.0030995818698137 0.258125933248911 -0.255026351379097 0.040694040600335 -6.26692133828062 0.0498328837099197 0.0497870683678641 3.68256058629287e-10 2.50213923441192e-07 0.999930392577321
"chr19" 32735115 0.221064239504579 0.00533711472627168 0.215727124778308 0.030394362737696 7.09760315226995 0.0497870683678639 0.0497870683678639 1.2693905756116e-12 1.63383295387798e-09 0.99992981612539
"chr19" 32735118 0.221064239504579 0.00533711472627168 0.215727124778308 0.030394362737696 7.09760315226995 0.0497870683678639 0.0497870683678639 1.2693905756116e-12 1.63383295387798e-09 0.99992981612539
"chr19" 32735124 0.221064239504579 0.00533711472627168 0.215727124778308 0.030394362737696 7.09760315226995 0.0497870683678639 0.0497870683678639 1.2693905756116e-12 1.63383295387798e-09 0.99992981612539
"chr19" 32735144 0.221064239504579 0.00533711472627168 0.215727124778308 0.030394362737696 7.09760315226995 0.0497870683678639 0.0497870683678639 1.2693905756116e-12 1.63383295387798e-09 0.99992981612539
"chr19" 32735158 0.221064239504579 0.00533711472627168 0.215727124778308 0.030394362737696 7.09760315226995 0.0497870683678639 0.0497870683678639 1.2693905756116e-12 1.63383295387798e-09 0.99992981612539
"chr19" 32735160 0.221064239504579 0.00533711472627168 0.215727124778308 0.030394362737696 7.09760315226995 0.0497870683678639 0.0497870683678639 1.2693905756116e-12 1.63383295387798e-09 0.99992981612539
"chr19" 32735169 0.221064239504579 0.00533711472627168 0.215727124778308 0.030394362737696 7.09760315226995 0.0497870683678639 0.0497870683678639 1.2693905756116e-12 1.63383295387798e-09 0.99992981612539
"chr19" 32735175 0.221064239504579 0.00533711472627168 0.215727124778308 0.030394362737696 7.09760315226995 0.0497870683678639 0.0497870683678639 1.2693905756116e-12 1.63383295387798e-09 0.99992981612539
"chr19" 32735183 0.221064239504579 0.00533711472627168 0.215727124778308 0.030394362737696 7.09760315226995 0.0497870683678639 0.0497870683678639 1.2693905756116e-12 1.63383295387798e-09 0.99992981612539
"chr19" 32735187 0.221064239504579 0.00533711472627168 0.215727124778308 0.030394362737696 7.09760315226995 0.0497870683678639 0.0497870683678639 1.2693905756116e-12 1.63383295387798e-09 0.99992981612539
"chr19" 32735191 0.221064239504579 0.00533711472627168 0.215727124778308 0.030394362737696 7.09760315226995 0.0497870683678639 0.0497870683678639 1.2693905756116e-12 1.63383295387798e-09 0.99992981612539
"chr19" 32735194 0.221064239504579 0.00533711472627168 0.215727124778308 0.030394362737696 7.09760315226995 0.0497870683678639 0.0497870683678639 1.2693905756116e-12 1.63383295387798e-09 0.99992981612539
"chr19" 32735197 0.221064239504579 0.00533711472627168 0.215727124778308 0.030394362737696 7.09760315226995 0.0497870683678639 0.0497870683678639 1.2693905756116e-12 1.63383295387798e-09 0.99992981612539
"chr19" 32735200 0.221064239504579 0.00533711472627168 0.215727124778308 0.030394362737696 7.09760315226995 0.0497870683678639 0.0497870683678639 1.2693905756116e-12 1.63383295387798e-09 0.99992981612539
"chr19" 32735206 0.221064239504579 0.00533711472627168 0.215727124778308 0.030394362737696 7.09760315226995 0.0497870683678639 0.0497870683678639 1.2693905756116e-12 1.63383295387798e-09 0.99992981612539
"chr19" 32735209 0.221064239504579 0.00533711472627168 0.215727124778308 0.030394362737696 7.09760315226995 0.0497870683678639 0.0497870683678639 1.2693905756116e-12 1.63383295387798e-09 0.99992981612539
"chr19" 32735212 0.221064239504579 0.00533711472627168 0.215727124778308 0.030394362737696 7.09760315226995 0.0497870683678639 0.0497870683678639 1.2693905756116e-12 1.63383295387798e-09 0.99992981612539
"chr19" 32735219 0.221064239504579 0.00533711472627168 0.215727124778308 0.030394362737696 7.09760315226995 0.0497870683678639 0.0497870683678639 1.2693905756116e-12 1.63383295387798e-09 0.99992981612539
"chr19" 32735227 0.221064239504579 0.00533711472627168 0.215727124778308 0.030394362737696 7.09760315226995 0.0497870683678639 0.0497870683678639 1.2693905756116e-12 1.63383295387798e-09 0.99992981612539
"chr19" 32735230 0.221064239504579 0.00533711472627168 0.215727124778308 0.030394362737696 7.09760315226995 0.0497870683678639 0.0497870683678639 1.2693905756116e-12 1.63383295387798e-09 0.99992981612539
"chr19" 32735243 0.221064239504579 0.00533711472627168 0.215727124778308 0.030394362737696 7.09760315226995 0.0497870683678639 0.0497870683678639 1.2693905756116e-12 1.63383295387798e-09 0.99992981612539
"chr19" 24257848 0.00359732484832273 0.213815150243317 -0.210217825394994 0.0289793750274176 -7.25404965414561 0.0497870683678639 0.0497870683678638 4.04491723475924e-13 6.13767728906247e-10 0.999928615017862
"chr19" 24257530 0.00244844816275957 0.249733254800051 -0.247284806637291 0.0387415176486899 -6.38294061889063 0.0498218681846208 0.0497870683678639 1.73719282776549e-10 1.35478220298677e-07 0.999928155492851
"chr19" 21630889 0.00317698720477953 0.254545287828723 -0.251368300623944 0.0399074373936523 -6.2987833105998 0.0498340084851147 0.0497870683678639 2.99991013528524e-10 2.11078121429981e-07 0.99992557634335
"chr19" 17371306 0.00329410170792453 0.241414470368203 -0.238120368660279 0.0365456951647059 -6.51568858075092 0.049860665847635 0.0520782180701618 7.23569545983975e-11 6.19751343858664e-08 0.999921392915813
"chr19" 24257963 0.00513287176966935 0.216761501765802 -0.211628629996133 0.0295826440135653 -7.1538105214358 0.0497870683678639 0.0497870683678641 8.44015483473166e-13 1.13718216658368e-09 0.999919497271777
"chr19" 24257971 0.00513287176966935 0.216761501765802 -0.211628629996133 0.0295826440135653 -7.1538105214358 0.0497870683678639 0.0497870683678641 8.44015483473166e-13 1.13718216658368e-09 0.999919497271777
"chr19" 37339742 0.00499285038444218 0.206238018975723 -0.201245168591281 0.0268426048620521 -7.49722948370724 0.0497870683678639 0.0497870683678639 6.51808081623061e-14 1.14655455661502e-10 0.999918965730695
"chr19" 23118855 0.0115283892386852 0.182199550978341 -0.170671161739656 0.0187437872921747 -9.10547900908531 0.0497870683678639 0.0497870683678639 8.58865904212615e-20 4.16234461782387e-16 0.999918499738061
"chr19" 37423692 0.0077718875908908 0.222301576088149 -0.214529688497259 0.0304344892143547 -7.04890057415761 0.0497870683678639 0.0497870683678639 1.80336944622506e-12 2.26285940499374e-09 0.999916108301772
"chr19" 37423693 0.0077718875908908 0.222301576088149 -0.214529688497259 0.0304344892143547 -7.04890057415761 0.0497870683678639 0.0497870683678639 1.80336944622506e-12 2.26285940499374e-09 0.999916108301772
"chr19" 37423638 0.00656621163399999 0.218437231887405 -0.211871020253405 0.0298998096000022 -7.08603242254058 0.0497870683678639 0.0497870683678639 1.38011490273902e-12 1.76202089222277e-09 0.999908548155858
"chr19" 16109811 0.246792123938006 0.00523427164988769 0.241557852288118 0.0378725662968974 6.37817491411737 0.0497870683678639 0.0497870683678639 1.79210768216043e-10 1.38717535033901e-07 0.999907159544074
"chr19" 24257699 0.00309735084360872 0.207627885811508 -0.204530534967899 0.0280038365921888 -7.30366120708436 0.049831943273574 0.0497870683678643 2.80040989494441e-13 4.3967823983633e-10 0.999905289163187
"chr19" 37423637 0.00656994057166099 0.219512307123736 -0.212942366552075 0.0303139139752333 -7.02457514150269 0.0498648365602035 0.0497870683678639 2.14718598016405e-12 2.64192878087853e-09 0.999902636171279
"chr19" 26940166 0.244982813087676 0.00298565846073678 0.24199715462694 0.0384689383304065 6.29071570804595 0.0497870683678639 0.0497870683678639 3.16005598874115e-10 2.19420612762094e-07 0.999888407679992
"chr19" 24257704 0.00312041948182314 0.205474444094027 -0.202354024612204 0.0277492881921852 -7.2922239738456 0.0498117387679266 0.0497870683678641 3.04879757645957e-13 4.7788644256228e-10 0.999887222366527
"chr19" 37339750 0.0049322863099179 0.201730395713632 -0.196798109403714 0.0263238218541313 -7.47604624033075 0.049787068367864 0.0497870683678639 7.65920160594879e-14 1.33492154522177e-10 0.999882098586002
"chr19" 24257706 0.00313181299743023 0.205030954310238 -0.201899141312808 0.0277324550319973 -7.28024767658904 0.0498118380301097 0.0497870683678642 3.33207858105413e-13 5.17169085387532e-10 0.999880778812834
"chr19" 16109731 0.242689131856402 0.00529976954875057 0.237389362307651 0.0374469049996048 6.33935868158279 0.049787068367864 0.0497870683678639 2.30723532545415e-10 1.6919637153003e-07 0.999878207081745
"chr19" 16109736 0.242689131856402 0.00529976954875057 0.237389362307651 0.0374469049996048 6.33935868158279 0.049787068367864 0.0497870683678639 2.30723532545415e-10 1.6919637153003e-07 0.999878207081745
"chr19" 16109741 0.242689131856402 0.00529976954875057 0.237389362307651 0.0374469049996048 6.33935868158279 0.0497870683678639 0.0497870683678639 2.30723532545415e-10 1.6919637153003e-07 0.999878207081745
"chr19" 16109743 0.242689131856402 0.00529976954875057 0.237389362307651 0.0374469049996048 6.33935868158279 0.049787068367864 0.0497870683678639 2.30723532545415e-10 1.6919637153003e-07 0.999878207081745
"chr19" 16109753 0.242689131856402 0.00529976954875057 0.237389362307651 0.0374469049996048 6.33935868158279 0.049787068367864 0.0497870683678639 2.30723532545415e-10 1.6919637153003e-07 0.999878207081745
"chr19" 16109765 0.242689131856402 0.00529976954875057 0.237389362307651 0.0374469049996048 6.33935868158279 0.0497870683678639 0.0497870683678639 2.30723532545415e-10 1.6919637153003e-07 0.999878207081745
"chr19" 16109770 0.242689131856402 0.00529976954875057 0.237389362307651 0.0374469049996048 6.33935868158279 0.0497870683678639 0.0497870683678639 2.30723532545415e-10 1.6919637153003e-07 0.999878207081745
"chr19" 16109776 0.242689131856402 0.00529976954875057 0.237389362307651 0.0374469049996048 6.33935868158279 0.0497870683678639 0.0497870683678639 2.30723532545415e-10 1.6919637153003e-07 0.999878207081745
"chr19" 16109792 0.242689131856402 0.00529976954875057 0.237389362307651 0.0374469049996048 6.33935868158279 0.049787068367864 0.0497870683678639 2.30723532545415e-10 1.6919637153003e-07 0.999878207081745
"chr19" 16109798 0.242689131856402 0.00529976954875057 0.237389362307651 0.0374469049996048 6.33935868158279 0.0497870683678639 0.0497870683678639 2.30723532545415e-10 1.6919637153003e-07 0.999878207081745
"chr19" 16109808 0.242689131856402 0.00529976954875057 0.237389362307651 0.0374469049996048 6.33935868158279 0.049787068367864 0.0497870683678639 2.30723532545415e-10 1.6919637153003e-07 0.999878207081745
"chr19" 16109809 0.242689131856402 0.00529976954875057 0.237389362307651 0.0374469049996048 6.33935868158279 0.049787068367864 0.0497870683678639 2.30723532545415e-10 1.6919637153003e-07 0.999878207081745
"chr19" 24257785 0.0033313077882728 0.206315227405281 -0.202983919617009 0.0280726463514052 -7.23066564783795 0.049787068367864 0.0497870683678642 4.80632340046151e-13 7.1896542860321e-10 0.999878001236442
"chr19" 24257788 0.00334189818238897 0.205868434493942 -0.202526536311553 0.0280410075249981 -7.22251281916328 0.0497870683678639 0.0497870683678642 5.10355917740897e-13 7.55104173121064e-10 0.999872062627474
"chr19" 37423698 0.00795499978055026 0.216292916911434 -0.208337917130884 0.0297000574244645 -7.01473112167357 0.0497870683678639 0.0497870683678639 2.30391585477701e-12 2.78782623201986e-09 0.999867718472441
"chr19" 37423699 0.00795499978055026 0.216292916911434 -0.208337917130884 0.0297000574244645 -7.01473112167357 0.0497870683678639 0.0497870683678639 2.30391585477701e-12 2.78782623201986e-09 0.999867718472441
"chr19" 23935311 0.328056065911673 0.0020764174529866 0.325979648458686 0.0619980687094373 5.25790004824885 0.0497870683678639 0.049787068367864 1.45709673224004e-07 4.78584731680556e-05 0.999866276328339
"chr19" 24257791 0.00335240229231831 0.205423679824275 -0.202071277531957 0.028008827542661 -7.21455681156868 0.0497870683678639 0.0497870683678642 5.4109913600527e-13 7.85900989768633e-10 0.999865915676357
"chr19" 24257552 0.00254792278855919 0.331054660821996 -0.328506738033437 0.0627253711390097 -5.23722270698745 0.0498886215332655 0.0533988356349864 1.6301094767717e-07 5.27246332003357e-05 0.999865245648656
"chr19" 53933793 0.162526953935999 0.00318437722366614 0.159342576712333 0.0163177805101325 9.76496629632866 0.0497870683678639 0.049796555591793 1.59164921866654e-22 1.24948409903056e-18 0.999861913670385
"chr19" 53933796 0.162526953935999 0.00318437722366614 0.159342576712333 0.0163177805101325 9.76496629632866 0.0497870683678639 0.049796555591793 1.59164921866654e-22 1.24948409903056e-18 0.999861913670385
"chr19" 53933800 0.162526953935999 0.00318437722366614 0.159342576712333 0.0163177805101325 9.76496629632866 0.0497870683678639 0.049796555591793 1.59164921866654e-22 1.24948409903056e-18 0.999861913670385
"chr19" 37339755 0.00506417070489064 0.199098605379458 -0.194034434674568 0.025901487600526 -7.49124674486369 0.0497870683678639 0.049787068367864 6.82224213809134e-14 1.19562940260705e-10 0.999858544264623
"chr19" 17371362 0.00312636487033024 0.20334677615972 -0.200220411289389 0.027616480225433 -7.25003366305164 0.0497870683678639 0.0504087788596749 4.16668060608608e-13 6.30230346195709e-10 0.999857743460794
"chr19" 17371364 0.00312636487033024 0.20334677615972 -0.200220411289389 0.027616480225433 -7.25003366305164 0.0497870683678639 0.0504087788596749 4.16668060608608e-13 6.30230346195709e-10 0.999857743460794
"chr19" 37423634 0.00641962628696302 0.211633164408601 -0.205213538121638 0.0290152713775017 -7.07260447271777 0.0497870683678639 0.0497870683678639 1.52052427499001e-12 1.92832523141189e-09 0.999856157245648
"chr19" 37423667 0.0069952644826045 0.212706245670848 -0.205710981188243 0.029287697789367 -7.02380168860275 0.0497870683678639 0.0497870683678639 2.15911207711641e-12 2.64973821681051e-09 0.999846546261006
"chr19" 37423672 0.0069952644826045 0.212706245670848 -0.205710981188243 0.029287697789367 -7.02380168860275 0.0497870683678639 0.0497870683678639 2.15911207711641e-12 2.64973821681051e-09 0.999846546261006
"chr19" 37423689 0.00753329983280059 0.213192117081471 -0.205658817248671 0.0293307530626412 -7.01171281928726 0.0497870683678639 0.0497870683678639 2.35418047225993e-12 2.83420652343506e-09 0.999842306327279
"chr19" 58656937 0.00268189803711995 0.536426800353737 -0.533744902316617 0.120528200832651 -4.42838189427303 0.049787068367864 0.0497870683678639 9.49426845736101e-06 0.00159261765888185 0.999840167200016
"chr19" 17371508 0.00321826449002703 0.170436403412391 -0.167218138922364 0.0187426657903569 -8.92179057092283 0.049787068367864 0.0497870683678639 4.58809211572546e-19 1.97200766465398e-15 0.99983234360533
"chr19" 42079086 0.0137632935529827 0.17502784526285 -0.161264551709867 0.017086234022393 -9.43827361245996 0.049787068367864 0.0497870683678639 3.78971665660447e-21 2.58976694803989e-17 0.99983185364391
"chr19" 42079092 0.0137632935529827 0.17502784526285 -0.161264551709867 0.017086234022393 -9.43827361245996 0.049787068367864 0.0497870683678639 3.78971665660447e-21 2.58976694803989e-17 0.99983185364391
"chr19" 37423666 0.0069952644826045 0.212706245670848 -0.205710981188243 0.0295522923802577 -6.96091452200397 0.0498424012784418 0.0497870683678639 3.38070861980859e-12 3.90665146445716e-09 0.999826274579208
"chr19" 37423671 0.0069952644826045 0.212706245670848 -0.205710981188243 0.0295522923802577 -6.96091452200397 0.0498424012784418 0.0497870683678639 3.38070861980859e-12 3.90665146445716e-09 0.999826274579208
"chr19" 24257712 0.00317647467911557 0.200876832542177 -0.197700357863062 0.0273140701072926 -7.23804094689928 0.0498122278410974 0.0497870683678641 4.55212022759422e-13 6.82013874098927e-10 0.999826169521276
"chr19" 45224180 0.00683348657866716 0.201435936664526 -0.194602450085858 0.0264648561182667 -7.35324043388767 0.0497870683678639 0.0497870683678639 1.93458490212841e-13 3.13253537538303e-10 0.99982464790032
"chr19" 42079083 0.0134470542502417 0.174328272431198 -0.160881218180957 0.0170398812588221 -9.44145183509794 0.049787068367864 0.0497870683678639 3.6764946350227e-21 2.54907206125209e-17 0.999823452494872
"chr19" 24257778 0.00326903325026364 0.200910084991675 -0.197641051741411 0.0273372894287861 -7.22972379014635 0.0497870683678639 0.0497870683678642 4.83977360254669e-13 7.22830841130039e-10 0.999822675499889
"chr19" 24257762 0.00326903325026364 0.200910084991675 -0.197641051741411 0.0273844137604514 -7.21728255606644 0.0497965953915914 0.0497870683678642 5.30367041567637e-13 7.76248143981922e-10 0.999818467072964
"chr19" 24257770 0.00326903325026364 0.200910084991675 -0.197641051741411 0.0273844137604514 -7.21728255606644 0.0497965953915914 0.0497870683678642 5.30367041567637e-13 7.76248143981922e-10 0.999818467072964
"chr19" 24257773 0.00326903325026364 0.200910084991675 -0.197641051741411 0.0273844137604514 -7.21728255606644 0.0497965953915914 0.0497870683678642 5.30367041567637e-13 7.76248143981922e-10 0.999818467072964
"chr19" 23118856 0.01155641248075 0.180136317375376 -0.168579904894626 0.0192719122101216 -8.74744047485274 0.049942162417472 0.0497870683678639 2.18246428130289e-18 8.29231668609595e-15 0.99981354026564
"chr19" 25132836 0.257247908002518 0.00251475886179042 0.254733149140727 0.0436705038824842 5.83307098599561 0.0497870683678639 0.049787068367864 5.44164032728772e-09 2.76264313954252e-06 0.999802345513723
"chr19" 17371507 0.00321826449002703 0.170436403412391 -0.167218138922364 0.0190270269627489 -8.78845335373434 0.0498598699444656 0.0497870683678639 1.51632971490339e-18 5.95178210575384e-15 0.999794386146356
"chr19" 24257760 0.00325574889218348 0.199313160903341 -0.196057412011158 0.0271941539004971 -7.20954263657286 0.0497965546077884 0.0497870683678639 5.61401178427801e-13 7.98299028989521e-10 0.999794004883086
"chr19" 42079077 0.0131478902837929 0.172665461896571 -0.159517571612778 0.0169026893240376 -9.43740777308883 0.0497870683678639 0.0497870683678639 3.82115486587601e-21 2.59259898857022e-17 0.999785192234256
"chr19" 37423633 0.00639313293692407 0.207904784894572 -0.201511651957648 0.0288701720405617 -6.97992556727858 0.0498621399222114 0.0497870683678639 2.95336492077453e-12 3.45670618223381e-09 0.999781067421217
"chr19" 37339680 0.00510449292861578 0.21186276291836 -0.206758269989744 0.0303869127971812 -6.80418808484301 0.0497870683678639 0.049787068367864 1.01620703752967e-11 1.03681497401577e-08 0.999778709329279
"chr19" 23118863 0.0114075716693012 0.174706613707945 -0.163299042038644 0.0180549573704845 -9.04455428433182 0.0497870683678639 0.0497870683678639 1.50276982828742e-19 7.10174629101319e-16 0.999772474828212
"chr19" 24257736 0.00320904326262183 0.197299077983957 -0.194090034721335 0.0268800117049693 -7.22060826653038 0.0497963977102392 0.0497870683678641 5.17555451726897e-13 7.62194686025341e-10 0.999767695165762
"chr19" 24257740 0.00320904326262183 0.197299077983957 -0.194090034721335 0.0268800117049693 -7.22060826653038 0.0497963977102392 0.0497870683678641 5.17555451726897e-13 7.62194686025341e-10 0.999767695165762
"chr19" 24257723 0.00320904326262183 0.197299077983957 -0.194090034721335 0.0269248402939593 -7.20858629437739 0.0498125128189605 0.0497870683678641 5.65357390369423e-13 8.00330369544125e-10 0.999762563691284
"chr19" 24257727 0.00320904326262183 0.197299077983957 -0.194090034721335 0.0269248402939593 -7.20858629437739 0.0498125128189605 0.0497870683678641 5.65357390369423e-13 8.00330369544125e-10 0.999762563691284
"chr19" 24257729 0.00320904326262183 0.197299077983957 -0.194090034721335 0.0269248402939593 -7.20858629437739 0.0498125128189605 0.0497870683678641 5.65357390369423e-13 8.00330369544125e-10 0.999762563691284
"chr19" 23118865 0.0113861566899033 0.174350453871597 -0.162964297181694 0.0180390558541901 -9.03397043054451 0.0497870683678639 0.0497870683678639 1.65553466310591e-19 7.6710208087368e-16 0.999758889813495
"chr19" 23118867 0.0113861566899033 0.174350453871597 -0.162964297181694 0.0180390558541901 -9.03397043054451 0.0497870683678639 0.0497870683678639 1.65553466310591e-19 7.6710208087368e-16 0.999758889813495
"chr19" 23118872 0.0113861566899033 0.174350453871597 -0.162964297181694 0.0180390558541901 -9.03397043054451 0.0497870683678639 0.0497870683678639 1.65553466310591e-19 7.6710208087368e-16 0.999758889813495
"chr19" 17371333 0.00317523089001451 0.222852330006423 -0.219677099116408 0.0343632098092267 -6.3927991691109 0.0498578520204882 0.0518388720724442 1.6287612888437e-10 1.28073491146263e-07 0.999751817253996
"chr19" 37423645 0.00655527736662208 0.20480578756464 -0.198250510198018 0.0282285402778487 -7.02305213966687 0.0497870683678639 0.0497870683678639 2.17073157353864e-12 2.6571320967434e-09 0.999749796184917
"chr19" 17371483 0.00324313456162168 0.167500468363878 -0.164257333802257 0.0184779218658411 -8.88938350290941 0.0497870683678639 0.049787068367864 6.14488937484266e-19 2.54886791239107e-15 0.999746961890929
"chr19" 17371487 0.00324313456162168 0.167500468363878 -0.164257333802257 0.0184779218658411 -8.88938350290941 0.0497870683678639 0.049787068367864 6.14488937484266e-19 2.54886791239107e-15 0.999746961890929
"chr19" 17371491 0.00324313456162168 0.167500468363878 -0.164257333802257 0.0184779218658411 -8.88938350290941 0.0497870683678639 0.049787068367864 6.14488937484266e-19 2.54886791239107e-15 0.999746961890929
"chr19" 17371495 0.00324313456162168 0.167500468363878 -0.164257333802257 0.0184779218658411 -8.88938350290941 0.0497870683678639 0.049787068367864 6.14488937484266e-19 2.54886791239107e-15 0.999746961890929
"chr19" 37423653 0.00670270975873301 0.205055950109461 -0.198353240350728 0.0282944797758628 -7.01031586097363 0.0497870683678639 0.0497870683678639 2.37780699391461e-12 2.8590269713666e-09 0.999745578469796
"chr19" 42079072 0.0127923318714504 0.171034932207398 -0.158242600335947 0.0167577360184803 -9.44295817534296 0.049787068367864 0.0497870683678639 3.62400743742176e-21 2.53115601813102e-17 0.999745110755809
"chr19" 16109715 0.228029172810927 0.00513318098085949 0.222895991830068 0.0353710358763926 6.30165292893878 0.0497870683678639 0.0497870683678639 2.94488017810821e-10 2.08065659776382e-07 0.999744078687128
"chr19" 12478717 0.012871901386669 0.180068285935348 -0.16719638454868 0.0193610407837083 -8.63571263634596 0.0498244436806845 0.0497870683678639 5.83620535848527e-18 2.06085306539702e-14 0.999740449211212
"chr19" 24257747 0.00321972832737512 0.195759243741615 -0.19253951541424 0.0267031876249274 -7.21035698504041 0.0497964320280551 0.0497870683678641 5.58053804544094e-13 7.94728857361835e-10 0.999735362684055
"chr19" 24257752 0.00321972832737512 0.195759243741615 -0.19253951541424 0.0267031876249274 -7.21035698504041 0.0497964320280551 0.0497870683678641 5.58053804544094e-13 7.94728857361835e-10 0.999735362684055
"chr19" 12478716 0.0127688808148084 0.179666001532175 -0.166897120717367 0.0193217266271223 -8.6377953657149 0.0498241402401669 0.0497870683678639 5.7308148040751e-18 2.03118894257271e-14 0.999732184687589
"chr19" 25132762 0.233812629076253 0.0024819704188611 0.231330658657392 0.0380915733216377 6.07301401556932 0.0497870683678641 0.0497870683678639 1.25531494266874e-09 7.26629224705778e-07 0.999717373498509
"chr19" 25132777 0.233812629076253 0.0024819704188611 0.231330658657392 0.0380915733216377 6.07301401556932 0.0497870683678641 0.0497870683678639 1.25531494266874e-09 7.26629224705778e-07 0.999717373498509
"chr19" 25132783 0.233812629076253 0.0024819704188611 0.231330658657392 0.0380915733216377 6.07301401556932 0.0497870683678641 0.0497870683678639 1.25531494266874e-09 7.26629224705778e-07 0.999717373498509
"chr19" 25132796 0.233812629076253 0.0024819704188611 0.231330658657392 0.0380915733216377 6.07301401556932 0.0497870683678641 0.0497870683678639 1.25531494266874e-09 7.26629224705778e-07 0.999717373498509
"chr19" 37423652 0.00670270975873301 0.205055950109461 -0.198353240350728 0.0285386979528992 -6.95032550812565 0.0498398690909989 0.0497870683678639 3.64444320892033e-12 4.18089820687107e-09 0.999715852464831
"chr19" 32307186 0.266398430255369 0.00211371889230419 0.264284711363065 0.0477054653117243 5.53992523993081 0.0497870683678639 0.049787068367864 3.02600799398792e-08 1.24971498840402e-05 0.999713125138928
"chr19" 42078987 0.0101425328556178 0.167648336815109 -0.157505803959491 0.0167182473034415 -9.42119117516992 0.049817336252429 0.0497870683678639 4.45999208666766e-21 2.96255754075796e-17 0.999708823472652
"chr19" 37423644 0.00655527736662208 0.20480578756464 -0.198250510198018 0.0285673755338872 -6.93975230461227 0.0439077875158549 0.0497870683678639 3.92788021339371e-12 4.45256291385453e-09 0.999708342042482
"chr19" 24257755 0.00323032950661982 0.194243622418368 -0.191013292911748 0.0265270273564785 -7.20070478854837 0.0497964661000402 0.0497870683678639 5.99021147787597e-13 8.37994415111167e-10 0.999699280505463
"chr19" 37423656 0.00669822123471648 0.204121901769792 -0.197423680535076 0.0284599062823013 -6.93690550407223 0.0498398623403437 0.0497870683678639 4.00781710234547e-12 4.53747951034078e-09 0.99969054655464
"chr19" 56710376 0.0155362911957932 0.237785985020088 -0.222249693824295 0.0357174967548535 -6.22243197359833 0.0501139931440742 0.0497870683678639 4.89507045823887e-10 3.23122274278801e-07 0.999689969076008
"chr19" 56710378 0.0155362911957932 0.237785985020088 -0.222249693824295 0.0357174967548535 -6.22243197359833 0.0501139931440742 0.0497870683678639 4.89507045823887e-10 3.23122274278801e-07 0.999689969076008
"chr19" 17371338 0.00316005956184314 0.218653768473337 -0.215493708911494 0.0338591479843451 -6.36441616933563 0.0498575441113622 0.0517867003390604 1.96033952061893e-10 1.49926513997223e-07 0.999676379980669
"chr19" 37423657 0.00680765765768951 0.201799337648101 -0.194991679990412 0.0279212435279665 -6.98363164932479 0.0497870683678639 0.0497870683678639 2.87645644519001e-12 3.37736520167749e-09 0.999665684990934
"chr19" 37423709 0.00831713503493247 0.204262771882425 -0.195945636847492 0.0282352852380366 -6.93974348746893 0.0497870683678639 0.0497870683678639 3.92812536510938e-12 4.45256291385453e-09 0.999660691811384
"chr19" 42079056 0.0124237987029979 0.168513247464502 -0.156089448761504 0.0165221674270069 -9.44727436343263 0.049787068367864 0.0497870683678639 3.47768304462976e-21 2.44694931143179e-17 0.999656605849741
"chr19" 42079059 0.0124237987029979 0.168513247464502 -0.156089448761504 0.0165221674270069 -9.44727436343263 0.049787068367864 0.0497870683678639 3.47768304462976e-21 2.44694931143179e-17 0.999656605849741
"chr19" 42079062 0.0124237987029979 0.168513247464502 -0.156089448761504 0.0165221674270069 -9.44727436343263 0.049787068367864 0.0497870683678639 3.47768304462976e-21 2.44694931143179e-17 0.999656605849741
"chr19" 42079066 0.0124237987029979 0.168513247464502 -0.156089448761504 0.0165221674270069 -9.44727436343263 0.049787068367864 0.0497870683678639 3.47768304462976e-21 2.44694931143179e-17 0.999656605849741
"chr19" 37339679 0.00512866478321217 0.209845151310033 -0.20471648652682 0.0309306132881852 -6.61857185369866 0.0497870683678639 0.049787068367864 3.62685609767609e-11 3.25314265350384e-08 0.999644793913648
"chr19" 46337882 0.00254902875361199 0.215815981318399 -0.213266952564787 0.0335568098073516 -6.35540010475205 0.0498442457776239 0.0497870683678639 2.07884810161955e-10 1.57468599263667e-07 0.999631429562065
"chr19" 42078946 0.0114729961403603 0.169337243773417 -0.157864247633056 0.0171753989799741 -9.19130017399422 0.0498214086471837 0.0497870683678639 3.88121380397208e-20 2.10667849606686e-16 0.999622819027267
"chr19" 42078951 0.0114729961403603 0.169337243773417 -0.157864247633056 0.0171753989799741 -9.19130017399422 0.0498214086471837 0.0497870683678639 3.88121380397208e-20 2.10667849606686e-16 0.999622819027267
"chr19" 24257945 0.00479152944172757 0.225782291672332 -0.220990762230605 0.035964727343374 -6.14465279051585 0.0497870683678639 0.050523766427387 8.01386173898044e-10 4.91744637507929e-07 0.999616101951956
"chr19" 12479078 0.00997376982022932 0.172482407867132 -0.162508638046903 0.0185857970936457 -8.74370021517468 0.0497870683678639 0.0497870683678639 2.25597557371799e-18 8.50359554747319e-15 0.999614843841166
"chr19" 17371345 0.00314160980232189 0.215026958360661 -0.211885348558339 0.0333291707045844 -6.35735435593044 0.0498571158871948 0.0517420272649727 2.05258126465913e-10 1.5621982346518e-07 0.999606005471597
"chr19" 23118864 0.0113861566899033 0.174350453871597 -0.162964297181694 0.0187667028375146 -8.68369359245827 0.0499400301252822 0.0497870683678639 3.83119987811082e-18 1.41053493806973e-14 0.999603328625454
"chr19" 23118866 0.0113861566899033 0.174350453871597 -0.162964297181694 0.0187667028375146 -8.68369359245827 0.0499400301252822 0.0497870683678639 3.83119987811082e-18 1.41053493806973e-14 0.999603328625454
"chr19" 23118868 0.0113861566899033 0.174350453871597 -0.162964297181694 0.0187667028375146 -8.68369359245827 0.0499400301252822 0.0497870683678639 3.83119987811082e-18 1.41053493806973e-14 0.999603328625454
"chr19" 23118873 0.0113861566899033 0.174350453871597 -0.162964297181694 0.0187667028375146 -8.68369359245827 0.0499400301252822 0.0497870683678639 3.83119987811082e-18 1.41053493806973e-14 0.999603328625454
"chr19" 24257943 0.00473387470204044 0.225242670474173 -0.220508795772133 0.0359358505771689 -6.13617855791698 0.0497870683678639 0.0505215050926072 8.4530144335863e-10 5.13385508323207e-07 0.999600934509426
"chr19" 53933804 0.157381046618845 0.00315538814997961 0.154225658468866 0.016175545644367 9.53449496293026 0.0497870683678639 0.0497964697723238 1.50616879181421e-21 1.11771844685037e-17 0.999599318102274
"chr19" 37339866 0.0048857541751328 0.153200964015763 -0.148315209840631 0.0144205387718664 -10.2849978206074 0.049787068367864 0.0497870683678639 8.23439380212914e-25 8.32094253698557e-21 0.999596589618969
"chr19" 17371351 0.00314571246992487 0.214612230035968 -0.211466517566043 0.0333186334735321 -6.34679443663345 0.04983267310802 0.051737135137709 2.19847572198192e-10 1.65082064726972e-07 0.999589285057529
"chr19" 53933763 0.181885486464462 0.00320139400932279 0.178684092455139 0.0235570419019772 7.58516681333158 0.0497870683678641 0.0497870683678639 3.32059569060901e-14 6.29407123495631e-11 0.999581336738935
"chr19" 48193514 0.011335125744306 0.215486732851388 -0.204151607107082 0.0312108722310764 -6.54104139082054 0.0500248743128765 0.0497870683678639 6.10919190427740e-11 5.29470730477648e-08 0.999576605481863
"chr19" 53933733 0.181915844601397 0.00313859531312681 0.178777249288271 0.0236996872690993 7.54344339055344 0.0497870683678639 0.0497870683678639 4.57721579122034e-14 8.31320408367949e-11 0.999556284703039
"chr19" 42079042 0.0124237987029979 0.168513247464502 -0.156089448761504 0.0168780878086756 -9.24805289146983 0.0498249319775448 0.0497870683678639 2.2861921123323e-20 1.32415131930622e-16 0.999555062277124
"chr19" 42079044 0.0124237987029979 0.168513247464502 -0.156089448761504 0.0168780878086756 -9.24805289146983 0.0498249319775448 0.0497870683678639 2.2861921123323e-20 1.32415131930622e-16 0.999555062277124
"chr19" 42079049 0.0124237987029979 0.168513247464502 -0.156089448761504 0.0168780878086756 -9.24805289146983 0.0498249319775448 0.0497870683678639 2.2861921123323e-20 1.32415131930622e-16 0.999555062277124
"chr19" 42079051 0.0124237987029979 0.168513247464502 -0.156089448761504 0.0168780878086756 -9.24805289146983 0.0498249319775448 0.0497870683678639 2.2861921123323e-20 1.32415131930622e-16 0.999555062277124
"chr19" 53933751 0.181533886397642 0.00319864251891134 0.17833524387873 0.023572665828403 7.5653405167205 0.049787068367864 0.0497870683678639 3.86849874997355e-14 7.14904590004839e-11 0.999554947168212
"chr19" 53933755 0.181533886397642 0.00319864251891134 0.17833524387873 0.023572665828403 7.5653405167205 0.049787068367864 0.0497870683678639 3.86849874997355e-14 7.14904590004839e-11 0.999554947168212
"chr19" 37423713 0.00834487951990953 0.200784806434448 -0.192439926914538 0.0278228359192422 -6.91661797068813 0.0497870683678639 0.0497870683678639 4.62553247425282e-12 5.21198195331349e-09 0.999553843571631
"chr19" 42078957 0.0114526937047106 0.167142688165451 -0.15568999446074 0.0167858690324606 -9.27506309978153 0.049787068367864 0.0497870683678639 1.77513939733895e-20 1.06977620434091e-16 0.999546143675436
"chr19" 53933562 0.176742270386041 0.002651896462041 0.174090373924 0.0223391370183062 7.79306621295792 0.0497870683678641 0.0497870683678639 6.54023262046846e-15 1.40235579267056e-11 0.999544428759425
"chr19" 53933565 0.176742270386041 0.002651896462041 0.174090373924 0.0223391370183062 7.79306621295792 0.049787068367864 0.0497870683678639 6.54023262046842e-15 1.40235579267056e-11 0.999544428759425
"chr19" 24257921 0.00442247380519005 0.224470405010502 -0.220047931205312 0.0362283174398166 -6.07392080989854 0.0497870683678639 0.0505007553927789 1.24824301644522e-09 7.24743934267103e-07 0.999539565013151
"chr19" 21631103 0.00368159389328733 0.215706886670975 -0.212025292777688 0.0338184206178724 -6.26952083816819 0.0497870683678639 0.049787068367864 3.62160828401331e-10 2.46955726979078e-07 0.999537756087625
"chr19" 17371475 0.00323206428678786 0.164760719125799 -0.161528654839011 0.018620500272343 -8.67477524644863 0.0497870683678639 0.0497870683678638 4.14368038464175e-18 1.5080456412887e-14 0.999524015917724
"chr19" 37339696 0.00517379686162972 0.222917049306548 -0.217743252444918 0.0356598685239562 -6.10611484163602 0.0497870683678639 0.0505022758083429 1.02085566868493e-09 6.04922259869273e-07 0.999519739243949
"chr19" 56710423 0.0145627870049242 0.227761574086663 -0.213198787081739 0.0342969752280851 -6.21625626353063 0.0499834304979363 0.0497870683678639 5.09156264917934e-10 3.33543002013963e-07 0.999517517673175
"chr19" 37339715 0.00503108389313678 0.218584510213201 -0.213553426320065 0.034445392744151 -6.1997674959397 0.0497870683678639 0.0473707013225642 5.6546633297934e-10 3.65391265558106e-07 0.999510723810136
"chr19" 38085698 0.00317089253083922 0.233162710190507 -0.229991817659668 0.0394438836951854 -5.83086136844433 0.0497965795098721 0.0497870683678639 5.51419830252344e-09 2.79649048777414e-06 0.999508965857509
"chr19" 37339711 0.00503108389313678 0.218584510213201 -0.213553426320065 0.0345032959123791 -6.18936309338048 0.0497870683678639 0.050484647492362 6.04077923000575e-10 3.81010317064931e-07 0.999500998780503
"chr19" 17371375 0.00312753588600196 0.1902469610041 -0.187119425118098 0.0264977682230012 -7.06170510449519 0.0497870683678639 0.0614356591204178 1.64471747799719e-12 2.08304565066662e-09 0.999495136527077
"chr19" 56710429 0.0143022350722388 0.22640136756467 -0.212099132492431 0.0341034946715548 -6.21927853831766 0.0499802035632285 0.0497870683678639 4.99446006650145e-10 3.27860243812605e-07 0.999493745675793
"chr19" 38085771 0.0033240944913398 0.206502786703784 -0.203178692212444 0.0314045261489864 -6.46972640977109 0.0497970830508086 0.0497870683678639 9.81805186717749e-11 8.16634948125618e-08 0.999490941745505
"chr19" 53933744 0.180065022381069 0.00319596032963169 0.176869062051437 0.0234286763581929 7.54925542302722 0.049787068367864 0.0497870683678639 4.37753613938305e-14 7.9810633936222e-11 0.999482768007946
"chr19" 16414256 0.153455662397702 0.0020661756858777 0.151389486711824 0.0156686240600608 9.66195156202099 0.0497870683678639 0.0498031502215328 4.37449821735874e-22 3.32419869336377e-18 0.999480541690596
"chr19" 17371354 0.00313212423408702 0.210719185190718 -0.207587060956631 0.0328433991326082 -6.32051086181669 0.049832493708601 0.0516899859431113 2.60700004869105e-10 1.87317489126373e-07 0.99947310782981
"chr19" 53933717 0.181274660643087 0.00308208182722626 0.178192578815861 0.0238950957352182 7.4572866662856 0.049787068367864 0.0497962732145942 8.83224039804753e-14 1.50350690130778e-10 0.999466670292256
"chr19" 53933719 0.181274660643087 0.00308208182722626 0.178192578815861 0.0238950957352182 7.4572866662856 0.049787068367864 0.0497962732145942 8.83224039804753e-14 1.50350690130778e-10 0.999466670292256
"chr19" 24257917 0.00426014568599658 0.222355419227375 -0.218095273541378 0.0360914886511631 -6.04284504996028 0.0497870683678639 0.0504919640607742 1.51420061038579e-09 8.65929485727423e-07 0.999466257347155
"chr19" 17371318 0.00323060636677171 0.231758439367526 -0.228527833000755 0.039332545554353 -5.81014601978802 0.0498591612643982 0.0540386425769484 6.24183767165966e-09 3.12381283854377e-06 0.999457916410327
"chr19" 38085710 0.0031561963698324 0.231230833419447 -0.228074637049614 0.0392403410879419 -5.812249096879 0.0497965335170095 0.0497870683678639 6.16390279634132e-09 3.09132417539002e-06 0.999450455771782
"chr19" 37339874 0.00483567735815171 0.151395410074141 -0.146559732715989 0.0142677744204475 -10.2720808723995 0.0497870683678639 0.0497870683678639 9.41515912818776e-25 9.41396984492947e-21 0.999449345347299
"chr19" 53933557 0.174182253224007 0.00271423448749221 0.171468018736515 0.0219012449955591 7.82914481671175 0.0497870683678638 0.0497870683678639 4.91199594191933e-15 1.08760063060847e-11 0.999449180263383
"chr19" 25503336 0.117175172977949 0.416779698879821 -0.299604525901872 0.0611856999386497 -4.89664294438542 0.0497870683678641 0.0497870683678639 9.74877401927345e-07 0.000243476538089925 0.999447388980772
"chr19" 25503385 0.117175172977949 0.416779698879821 -0.299604525901872 0.0611856999386497 -4.89664294438542 0.0497870683678641 0.0497870683678639 9.74877401927345e-07 0.000243476538089925 0.999447388980772
"chr19" 56710155 0.0165375220223749 0.220913664722828 -0.204376142700453 0.0320116265480136 -6.38443480508287 0.049835718659748 0.0497870683678639 1.72031652256994e-10 1.34604139905991e-07 0.999444057012534
"chr19" 37339724 0.00512614446080742 0.215893240688077 -0.21076709622727 0.0340115121908429 -6.19693399824826 0.0497870683678639 0.0473707013225623 5.75736290545436e-10 3.68584891359639e-07 0.999436527857175
"chr19" 17371526 0.00321558143855832 0.162215602248603 -0.159000020810045 0.0181197701473073 -8.77494689598333 0.0497965219808623 0.0497870683678641 1.70984532986124e-18 6.68373613962384e-15 0.999435256235807
"chr19" 24257902 0.00418717444597926 0.221313556248867 -0.217126381802888 0.0360212216833785 -6.02773508659418 0.0497870683678639 0.0504876522625734 1.66273294845377e-09 9.4518059430118e-07 0.999426200531651
"chr19" 24257908 0.00418717444597926 0.221313556248867 -0.217126381802888 0.0360212216833785 -6.02773508659418 0.0497870683678639 0.0504876522625734 1.66273294845377e-09 9.4518059430118e-07 0.999426200531651
"chr19" 24257910 0.00418717444597926 0.221313556248867 -0.217126381802888 0.0360212216833785 -6.02773508659418 0.0497870683678639 0.0504876522625734 1.66273294845377e-09 9.4518059430118e-07 0.999426200531651
"chr19" 17371642 0.00299221562177761 0.172117591936213 -0.169125376314435 0.0212881519790172 -7.94457764493293 0.0497958565932762 0.049787068367864 1.9485354483043e-15 4.69960162311971e-12 0.999417122370473
"chr19" 42078970 0.0119041566856916 0.165822946235218 -0.153918789549526 0.0166332575244744 -9.2536768172469 0.0498227790132725 0.0497870683678639 2.16900151493554e-20 1.28768197437935e-16 0.999405749270346
"chr19" 37339659 0.00502073837430844 0.207820693389167 -0.202799955014859 0.0317152903508491 -6.39439061636807 0.0497870683678639 0.0497870683678642 1.61188887812274e-10 1.2706232427811e-07 0.999405148472588
"chr19" 37339661 0.00502073837430844 0.207820693389167 -0.202799955014859 0.0317152903508491 -6.39439061636807 0.0497870683678639 0.0497870683678642 1.61188887812274e-10 1.2706232427811e-07 0.999405148472588
"chr19" 37339666 0.00502073837430844 0.207820693389167 -0.202799955014859 0.0317152903508491 -6.39439061636807 0.0497870683678639 0.0497870683678642 1.61188887812274e-10 1.2706232427811e-07 0.999405148472588
"chr19" 48193498 0.0111244991990116 0.207772675808309 -0.196648176609297 0.0298850346528969 -6.5801555492001 0.0499353719867087 0.0497870683678639 4.69956351911391e-11 4.12952950558365e-08 0.999389650901471
"chr19" 21631074 0.00352398827372085 0.212670313839256 -0.209146325565535 0.0337572601387139 -6.19559539803052 0.0497870683678639 0.049787068367864 5.80651103150733e-10 3.6917595037538e-07 0.999388090120206
"chr19" 37339658 0.00502073837430844 0.207820693389167 -0.202799955014859 0.031901874035049 -6.35699190561823 0.0497870683678639 0.0497870683678642 2.05742829783699e-10 1.5621982346518e-07 0.999364347565005
"chr19" 37339660 0.00502073837430844 0.207820693389167 -0.202799955014859 0.031901874035049 -6.35699190561823 0.0497870683678639 0.0497870683678642 2.05742829783699e-10 1.5621982346518e-07 0.999364347565005
"chr19" 37339665 0.00502073837430844 0.207820693389167 -0.202799955014859 0.031901874035049 -6.35699190561823 0.0497870683678639 0.0497870683678642 2.05742829783699e-10 1.5621982346518e-07 0.999364347565005
"chr19" 37339705 0.00510001606566057 0.217499656133826 -0.212399640068165 0.0348914683845706 -6.0874377004463 0.0497870683678639 0.0504802048588737 1.14731997239649e-09 6.70656181772295e-07 0.999362186974617
"chr19" 17371466 0.00320737934010106 0.163330853237533 -0.160123473897432 0.0186871847306711 -8.56862476639527 0.0497870683678639 0.049787068367864 1.04728182639188e-17 3.42869799796145e-14 0.999353128084042
"chr19" 17371468 0.00320737934010106 0.163330853237533 -0.160123473897432 0.0186871847306711 -8.56862476639527 0.0497870683678639 0.049787068367864 1.04728182639188e-17 3.42869799796145e-14 0.999353128084042
"chr19" 53933741 0.177636774675 0.00319334485583928 0.174443429819161 0.0231468162427917 7.53638979933084 0.049787068367864 0.0497870683678639 4.83160908693534e-14 8.65933743301536e-11 0.999350365601453
"chr19" 17371463 0.00321828763609545 0.163331238958443 -0.160112951322348 0.018695160536583 -8.56440633441131 0.049787068367864 0.049787068367864 1.08634101109539e-17 3.48612702574083e-14 0.999348750230667
"chr19" 42078930 0.0110509710728891 0.163747252677529 -0.15269628160464 0.0164145490531176 -9.30249628610049 0.0497870683678639 0.0497870683678639 1.37186284659025e-20 8.51702667136697e-17 0.999337109479529
"chr19" 56710439 0.0142737663428599 0.221407773030088 -0.207134006687228 0.0334729229183421 -6.18810634471735 0.0499804550857276 0.0497870683678639 6.08912463980482e-10 3.8329607109727e-07 0.999314331632671
"chr19" 56710442 0.0142737663428599 0.221407773030088 -0.207134006687228 0.0334729229183421 -6.18810634471735 0.0499804550857276 0.0497870683678639 6.08912463980482e-10 3.8329607109727e-07 0.999314331632671
"chr19" 37339653 0.00485407983220974 0.204895195182303 -0.200041115350094 0.0313551955753326 -6.37983950281808 0.0497870683678639 0.0497870683678642 1.77273670848642e-10 1.3791049505791e-07 0.99929005104873
"chr19" 42079035 0.0113738875799458 0.163302962072487 -0.151929074492541 0.0162773008864455 -9.33380021371082 0.0498214084846145 0.0497870683678639 1.0214148030503e-20 6.46814328747614e-17 0.999289313914412
"chr19" 56710185 0.0157036131883696 0.218364979706825 -0.202661366518456 0.0321832028318464 -6.29711615644157 0.0498965704299206 0.0497870683678639 3.03234054998872e-10 2.12776841829492e-07 0.999288402681461
"chr19" 37339573 0.00445469755500283 0.178864198389573 -0.17440950083457 0.0233373424272754 -7.47340882442252 0.0497870683678639 0.0497870683678639 7.8143589346888e-14 1.35204066755596e-10 0.999284763721217
"chr19" 37339579 0.00445469755500283 0.178864198389573 -0.17440950083457 0.0233373424272754 -7.47340882442252 0.0497870683678639 0.0497870683678639 7.8143589346888e-14 1.35204066755596e-10 0.999284763721217
"chr19" 37339605 0.00445469755500283 0.178864198389573 -0.17440950083457 0.0233373424272754 -7.47340882442252 0.0497870683678639 0.0497870683678639 7.8143589346888e-14 1.35204066755596e-10 0.999284763721217
"chr19" 4356048 0.157161985629164 0.00432291248758934 0.152839073141575 0.0165738594498224 9.22169477811111 0.0497870683678639 0.0497870683678639 2.92440876716015e-20 1.65347464270838e-16 0.999283937804284
"chr19" 4356051 0.157161985629164 0.00432291248758934 0.152839073141575 0.0165738594498224 9.22169477811111 0.0497870683678639 0.0497870683678639 2.92440876716015e-20 1.65347464270838e-16 0.999283937804284
"chr19" 37339876 0.00482191117914462 0.149867453885609 -0.145045542706465 0.0141319423640243 -10.2636664493982 0.0497870683678639 0.0497870683678639 1.02730496793673e-24 1.0059963329317e-20 0.999282453570327
"chr19" 50164546 0.00223036733949561 0.372725807721788 -0.370495440382292 0.085016646173108 -4.35791644412674 0.0498045706009881 0.0497870683678639 1.31306491141852e-05 0.00208257659210484 0.999267888535882
"chr19" 50164576 0.00223036733949561 0.372725807721788 -0.370495440382292 0.085016646173108 -4.35791644412674 0.0498045706009881 0.0497870683678639 1.31306491141852e-05 0.00208257659210484 0.999267888535882
"chr19" 17371381 0.00314987508198734 0.186144855121127 -0.182994980039139 0.0260956663847365 -7.01246625938528 0.0497870683678639 0.0617855339014531 2.34153340581865e-12 2.82255806030333e-09 0.999264671932625
"chr19" 12478733 0.0129155930962279 0.172491664959702 -0.159576071863474 0.0187376541964147 -8.51633135027159 0.0498246642001179 0.0497870683678639 1.64687196371505e-17 5.24943201642164e-14 0.999262312448877
"chr19" 12478734 0.0129155930962279 0.172491664959702 -0.159576071863474 0.0187376541964147 -8.51633135027159 0.0498246642001179 0.0497870683678639 1.64687196371505e-17 5.24943201642164e-14 0.999262312448877
"chr19" 50164592 0.00223036733949561 0.372725807721788 -0.370495440382292 0.0850810688153042 -4.35461666785794 0.0498191618251936 0.0497870683678639 1.33299972807458e-05 0.00210926167200313 0.999261776096512
"chr19" 50164601 0.00223036733949561 0.372725807721788 -0.370495440382292 0.0850810688153042 -4.35461666785794 0.0498191618251936 0.0497870683678639 1.33299972807458e-05 0.00210926167200313 0.999261776096512
"chr19" 17371382 0.00314987508198734 0.186144855121127 -0.182994980039139 0.0261299710881039 -7.00325995088646 0.0498120978541136 0.0503403065761362 2.50074211268585e-12 2.98417703266084e-09 0.999254004879115
"chr19" 42078922 0.0108615590205408 0.162510677912407 -0.151649118891866 0.0162749968817813 -9.31791999675447 0.0497870683678639 0.0497870683678639 1.18643278530481e-20 7.46336936493601e-17 0.999247001842823
"chr19" 37339652 0.00485407983220974 0.204895195182303 -0.200041115350094 0.0315249485889915 -6.34548585496974 0.049787068367864 0.0497870683678642 2.21724570330525e-10 1.66228677873369e-07 0.999246663150438
"chr19" 12479053 0.0096736885326864 0.167283502349462 -0.157609813816776 0.0181569483153638 -8.68041319935971 0.0497870683678639 0.0497870683678639 3.94333575784162e-18 1.44621458287977e-14 0.999245324900655
"chr19" 53933552 0.170629333253688 0.00276112950038287 0.167868203753305 0.0213951791963977 7.84607608154871 0.049787068367864 0.0497870683678639 4.29256585671967e-15 9.61656239618132e-12 0.999243363268911
"chr19" 41373635 0.0143081283339122 0.180751914979068 -0.166443786645156 0.0209515792698013 -7.94421196138952 0.049787068367864 0.0497870683678639 1.95429174330682e-15 4.69960162311971e-12 0.999241213757684
"chr19" 41373638 0.0143081283339122 0.180751914979068 -0.166443786645156 0.0209515792698013 -7.94421196138952 0.049787068367864 0.0497870683678639 1.95429174330682e-15 4.69960162311971e-12 0.999241213757684
"chr19" 56710171 0.0165375220223749 0.220913664722828 -0.204376142700453 0.0329479625984121 -6.20299789675926 0.0500063233342226 0.0497870683678639 5.53975801805238e-10 3.58698387606516e-07 0.999232301776375
"chr19" 21631064 0.00350716274388056 0.210451320804209 -0.206944158060328 0.0337838850304332 -6.12552872098365 0.0497870683678639 0.0497870683678639 9.03829649135603e-10 5.43717357264678e-07 0.999226016708558
"chr19" 24257886 0.00382129337279538 0.216749458335398 -0.212928164962603 0.0356819994550308 -5.96738322444489 0.0497870683678639 0.0504689089978704 2.41088713458155e-09 1.34235256236596e-06 0.999224184576524
"chr19" 56710216 0.014960727818753 0.215877408904168 -0.200916681085415 0.0318937663842821 -6.29955956485686 0.0498905788301707 0.0497870683678639 2.98492580532309e-10 2.10267913314213e-07 0.999222318635273
"chr19" 37339602 0.00445469755500283 0.178864198389573 -0.17440950083457 0.0235515510661 -7.40543586046926 0.0498002390315329 0.0497870683678639 1.30720408589277e-13 2.14083968466866e-10 0.999209612400531
"chr19" 42079002 0.0104139306138826 0.161763008385792 -0.15134907777191 0.0162534387179114 -9.31181889559911 0.0498181815299226 0.0497870683678639 1.25661650691364e-20 7.85286110254689e-17 0.999209188328605
"chr19" 17371358 0.00312236736727108 0.20371773593748 -0.200595368570209 0.031850614948494 -6.29800614194087 0.0498117920355956 0.0516064846533879 3.01498569089968e-10 2.11981836274744e-07 0.999206673498585
"chr19" 38085773 0.0033463291767013 0.199338497366135 -0.195992168189434 0.0303973154668566 -6.44768017107076 0.0497971547964165 0.0497870683678639 1.13575118323359e-10 9.31629822046564e-08 0.999205493249622
"chr19" 23118875 0.011439143020621 0.167388538374106 -0.155949395353485 0.0177258509343539 -8.7978509991441 0.049787068367864 0.0497870683678639 1.39461039749884e-18 5.51963551823414e-15 0.99920127752261
"chr19" 12479087 0.0100875200648374 0.169965318038798 -0.159877797973961 0.0190004227237927 -8.41443373645362 0.0498174659708627 0.0497870683678639 3.94797367700226e-17 1.20971007622932e-13 0.999187531385586
"chr19" 12479096 0.0100875200648374 0.169965318038798 -0.159877797973961 0.0190004227237927 -8.41443373645362 0.0498174659708627 0.0497870683678639 3.94797367700226e-17 1.20971007622932e-13 0.999187531385586
"chr19" 56710179 0.0157036131883696 0.218364979706825 -0.202661366518456 0.0325942320593188 -6.21770643804796 0.0499951980110431 0.0497870683678639 5.04474228574547e-10 3.30703920109311e-07 0.999182750129009
"chr19" 12479077 0.00997376982022932 0.172482407867132 -0.162508638046903 0.01986762432332 -8.17957071274774 0.0500903432910242 0.0497870683678639 2.84856869405287e-16 7.84289400320851e-13 0.999173124901902
"chr19" 37339881 0.00480843630266733 0.14903043267051 -0.144221996367842 0.0140594494448524 -10.2580116620887 0.0497870683678639 0.0497870683678639 1.08926461094155e-24 1.04512188751632e-20 0.999170580397364
"chr19" 37339883 0.00480843630266733 0.14903043267051 -0.144221996367842 0.0140594494448524 -10.2580116620887 0.0497870683678639 0.0497870683678639 1.08926461094155e-24 1.04512188751632e-20 0.999170580397364
"chr19" 17371363 0.00312636487033024 0.20334677615972 -0.200220411289389 0.0318866640419013 -6.27912694241974 0.0498118380301097 0.0516022619808037 3.40479518115556e-10 2.33681130540177e-07 0.999163926895318
"chr19" 17371365 0.00312636487033024 0.20334677615972 -0.200220411289389 0.0318866640419013 -6.27912694241974 0.0498118380301097 0.0516022619808037 3.40479518115556e-10 2.33681130540177e-07 0.999163926895318
"chr19" 10893616 0.257180489477864 0.0028198550147261 0.254360634463138 0.0491750479642427 5.17255488287667 0.0497870683678639 0.0497870683678639 2.30914642752537e-07 7.11453781569186e-05 0.999152382108126
"chr19" 10893617 0.257180489477864 0.0028198550147261 0.254360634463138 0.0491750479642427 5.17255488287667 0.0497870683678639 0.0497870683678639 2.30914642752537e-07 7.11453781569186e-05 0.999152382108126
"chr19" 38085776 0.00334918388476122 0.198252390770742 -0.194903206885981 0.0303020185693025 -6.43202057447842 0.0497971670793099 0.0497870683678639 1.25918690885359e-10 1.01534504327831e-07 0.999131635637178
"chr19" 37339572 0.00445469755500283 0.178864198389573 -0.17440950083457 0.0237600860588901 -7.34044061971369 0.049822994245273 0.0497870683678639 2.12891811088164e-13 3.42748599180382e-10 0.999131018067478
"chr19" 37339578 0.00445469755500283 0.178864198389573 -0.17440950083457 0.0237600860588901 -7.34044061971369 0.049822994245273 0.0497870683678639 2.12891811088164e-13 3.42748599180382e-10 0.999131018067478
"chr19" 37339591 0.00445469755500283 0.178864198389573 -0.17440950083457 0.0237600860588901 -7.34044061971369 0.049822994245273 0.0497870683678639 2.12891811088164e-13 3.42748599180382e-10 0.999131018067478
"chr19" 12478993 0.00955502957809783 0.166847621306374 -0.157292591728276 0.0182969607965397 -8.5966512951169 0.049787068367864 0.0497870683678639 8.2075896992011e-18 2.81452177020835e-14 0.99912971820207
"chr19" 12479110 0.0102659031872213 0.171347619303211 -0.161081716115989 0.0195233067951754 -8.25073937555474 0.0498179686879029 0.0497870683678639 1.57417520518332e-16 4.49032295465325e-13 0.999121961963451
"chr19" 21631047 0.00350829361299735 0.208998907727017 -0.205490614114019 0.0337319983976965 -6.09186006981584 0.0497870683678639 0.0497870683678641 1.11606221052393e-09 6.5399455430751e-07 0.999117948603215
"chr19" 21631055 0.00350829361299735 0.208998907727017 -0.205490614114019 0.0337319983976965 -6.09186006981584 0.0497870683678639 0.0497870683678641 1.11606221052393e-09 6.5399455430751e-07 0.999117948603215
"chr19" 21631059 0.00350829361299735 0.208998907727017 -0.205490614114019 0.0337319983976965 -6.09186006981584 0.0497870683678639 0.0497870683678641 1.11606221052393e-09 6.5399455430751e-07 0.999117948603215
"chr19" 56710136 0.0155420312951058 0.211573525827071 -0.196031494531965 0.0307422372764446 -6.3766177057702 0.0498326606240491 0.0497870683678639 1.81041620051932e-10 1.39245193566744e-07 0.999107232011659
"chr19" 42078974 0.0119148055263807 0.163056169224116 -0.151141363697735 0.0163990246819982 -9.21648492081654 0.0498228089531588 0.0497870683678639 3.06999216936753e-20 1.72551725552593e-16 0.999091318327843
"chr19" 24257849 0.00361690571144042 0.214298378853755 -0.210681473142314 0.0354912241672253 -5.93615684118527 0.0497870683678639 0.050458939893897 2.91780688070706e-09 1.59468722660876e-06 0.999091310945872
"chr19" 24257857 0.00361690571144042 0.214298378853755 -0.210681473142314 0.0354912241672253 -5.93615684118527 0.0497870683678639 0.050458939893897 2.91780688070706e-09 1.59468722660876e-06 0.999091310945872
"chr19" 48193735 0.00401363528109298 0.249818257386136 -0.245804622105043 0.0468729647862755 -5.24405962425946 0.0497870683678639 0.0497870683678641 1.57081400948378e-07 5.10813013121689e-05 0.999066568075968
"chr19" 16414334 0.185138040260214 0.00205909988414657 0.183078940376067 0.0267259943648386 6.85021997224286 0.0497870683678639 0.0497870683678639 7.3736516372458e-12 7.84331939214674e-09 0.999059943060949
"chr19" 17371386 0.00316453735195797 0.182824105973815 -0.179659568621857 0.0256353196404745 -7.00828275759826 0.0497870683678639 0.0620841485447617 2.4126085823759e-12 2.89354626291315e-09 0.999056342730524
"chr19" 12479048 0.0095735814266134 0.165499355520914 -0.155925774094301 0.0180112939075803 -8.65711119336503 0.0497870683678639 0.0497870683678639 4.83870633946114e-18 1.73441146329334e-14 0.999048731041176
"chr19" 37339743 0.00499285038444218 0.206238018975723 -0.201245168591281 0.0326548213526549 -6.16280108893993 0.0497870683678639 0.0473707013225618 7.1469261720669e-10 4.44579059091218e-07 0.999033918549938
"chr19" 53933724 0.174681215070569 0.0031331240426062 0.171548091027963 0.0230794077410888 7.43295031451571 0.0497870683678642 0.0497964245568169 1.06201801461196e-13 1.77917049685998e-10 0.999032669516726
"chr19" 24257847 0.00356266577500342 0.213334212089281 -0.209771546314278 0.035411153338569 -5.9238834812477 0.0497870683678639 0.0504550367192516 3.14426282252013e-09 1.69600929577253e-06 0.999032117309235
"chr19" 12478757 0.0131205715066667 0.171258098160826 -0.158137526654159 0.0187758578653461 -8.4223862253467 0.049787068367864 0.0497870683678639 3.68892629731309e-17 1.14138023169113e-13 0.999020563420755
"chr19" 17371389 0.00316790121865514 0.182520205710524 -0.179352304491869 0.0256702981468943 -6.98676359213101 0.0497870683678639 0.0621097956206287 2.81299643712354e-12 3.31103972205069e-09 0.999003289912162
